t # 0
v 0 3
v 1 4
v 2 5
v 3 6
v 4 7
v 5 8
v 6 9
v 7 10
v 8 11
v 9 12
v 10 13
v 11 14
v 12 16
v 13 17
v 14 18
v 15 19
e 0 0 1
e 0 1 0
e 0 2 0
e 0 3 0
e 0 4 2
e 0 5 1
e 0 6 1
e 0 7 0
e 0 8 0
e 0 9 0
e 0 10 1
e 0 11 1
e 0 12 0
e 1 2 0
e 1 3 0
e 1 5 0
e 1 7 0
e 1 8 0
e 1 10 0
e 1 11 0
e 2 3 0
e 2 4 0
e 2 5 0
e 2 7 0
e 2 8 0
e 2 10 0
e 2 11 0
e 3 4 0
e 3 5 0
e 3 7 0
e 3 8 0
e 3 10 0
e 3 11 0
e 4 4 2
e 4 5 1
e 4 6 2
e 4 8 0
e 4 9 0
e 4 10 1
e 4 11 1
e 4 12 1
e 4 13 0
e 4 14 0
e 4 15 0
e 5 5 1
e 5 6 0
e 5 7 0
e 5 8 0
e 5 10 0
e 5 11 1
e 5 12 0
e 5 15 0
e 6 6 2
e 6 11 0
e 6 12 2
e 6 13 0
e 6 14 0
e 7 8 0
e 7 9 0
e 7 10 0
e 7 11 0
e 8 10 0
e 8 11 0
e 9 11 0
e 10 11 1
e 10 12 0
e 10 15 0
e 11 11 0
e 11 12 1
e 11 13 0
e 12 12 1
e 12 13 0
e 12 14 1
e 12 15 0
e 13 13 0
e 13 15 0
e 14 15 0
e 15 15 0

t # 1
v 16 3
v 17 5
v 18 6
v 19 7
v 20 8
v 21 9
v 22 10
v 23 11
v 24 12
v 25 13
v 26 14
v 27 16
v 28 17
v 29 18
v 30 19
v 31 20
e 16 16 1
e 16 18 0
e 16 19 2
e 16 20 0
e 16 21 1
e 16 22 0
e 16 23 0
e 16 25 1
e 16 26 0
e 16 27 0
e 16 29 0
e 16 30 0
e 17 18 0
e 17 20 0
e 17 26 0
e 17 27 0
e 18 19 0
e 18 20 0
e 18 22 0
e 18 25 0
e 18 26 0
e 18 30 0
e 19 19 2
e 19 20 1
e 19 21 1
e 19 22 0
e 19 23 0
e 19 24 0
e 19 25 1
e 19 26 2
e 19 27 1
e 19 28 0
e 19 29 0
e 19 30 1
e 20 20 1
e 20 21 0
e 20 22 0
e 20 24 0
e 20 25 1
e 20 26 0
e 20 27 0
e 20 28 0
e 20 30 0
e 21 21 1
e 21 22 0
e 21 24 0
e 21 25 0
e 21 26 0
e 21 27 2
e 21 29 0
e 21 31 0
e 22 25 0
e 22 26 0
e 22 27 0
e 22 29 0
e 22 30 0
e 23 25 0
e 23 27 0
e 24 24 0
e 24 25 0
e 24 26 0
e 24 27 0
e 25 26 1
e 25 27 1
e 25 28 0
e 25 29 0
e 25 30 0
e 26 26 0
e 26 27 1
e 26 28 0
e 26 29 0
e 26 30 0
e 26 31 0
e 27 27 0
e 27 28 0
e 27 29 1
e 27 30 0
e 27 31 0
e 28 28 0
e 28 30 0
e 29 30 0
e 30 30 0

t # 2
v 32 3
v 33 6
v 34 7
v 35 8
v 36 9
v 37 10
v 38 11
v 39 13
v 40 14
v 41 16
v 42 17
v 43 19
v 44 18
e 32 32 1
e 32 33 1
e 32 34 2
e 32 35 0
e 32 36 1
e 32 37 0
e 32 38 0
e 32 39 0
e 32 40 1
e 32 41 0
e 32 42 0
e 32 43 0
e 33 33 0
e 33 34 1
e 33 35 0
e 33 37 0
e 33 38 0
e 33 39 0
e 33 40 0
e 33 41 0
e 33 43 0
e 34 34 2
e 34 35 1
e 34 36 2
e 34 37 0
e 34 38 0
e 34 39 1
e 34 40 2
e 34 41 1
e 34 42 0
e 34 44 0
e 34 43 1
e 35 35 2
e 35 36 0
e 35 37 0
e 35 39 0
e 35 40 0
e 35 41 0
e 35 42 0
e 35 43 0
e 36 36 2
e 36 37 0
e 36 39 0
e 36 40 0
e 36 41 2
e 36 44 0
e 37 39 0
e 37 40 0
e 37 41 0
e 37 44 0
e 37 43 0
e 38 39 0
e 38 40 0
e 38 44 0
e 38 43 0
e 39 40 1
e 39 41 1
e 39 42 0
e 39 44 0
e 39 43 0
e 40 40 0
e 40 41 0
e 40 43 0
e 41 41 1
e 41 42 0
e 41 44 0
e 42 42 1
e 43 43 0

t # 3
v 45 1
v 46 3
v 47 6
v 48 7
v 49 8
v 50 9
v 51 10
v 52 11
v 53 12
v 54 13
v 55 14
v 56 16
v 57 17
v 58 18
v 59 19
e 45 48 0
e 45 55 0
e 46 46 1
e 46 47 0
e 46 48 2
e 46 49 0
e 46 50 1
e 46 51 0
e 46 52 0
e 46 54 0
e 46 55 1
e 46 56 1
e 46 57 0
e 46 58 0
e 46 59 0
e 47 48 0
e 47 50 0
e 47 53 0
e 47 54 0
e 47 55 0
e 47 58 0
e 47 59 0
e 48 48 2
e 48 49 1
e 48 50 2
e 48 52 0
e 48 54 1
e 48 55 2
e 48 56 1
e 48 57 0
e 48 59 1
e 49 49 1
e 49 50 0
e 49 52 0
e 49 54 0
e 49 55 0
e 49 56 0
e 49 57 0
e 49 58 0
e 50 50 1
e 50 52 0
e 50 53 0
e 50 54 0
e 50 55 0
e 50 56 1
e 50 57 0
e 50 58 0
e 51 54 0
e 51 56 0
e 51 58 0
e 52 55 0
e 52 56 0
e 52 57 0
e 53 58 0
e 54 55 0
e 54 56 0
e 54 58 0
e 54 59 0
e 55 55 0
e 55 56 0
e 55 58 0
e 55 59 0
e 56 56 1
e 56 57 0
e 56 58 0
e 56 59 0
e 57 57 0
e 57 58 0
e 58 58 0

t # 4
v 60 1
v 61 3
v 62 4
v 63 5
v 64 6
v 65 7
v 66 8
v 67 9
v 68 10
v 69 11
v 70 13
v 71 14
v 72 16
v 73 17
v 74 18
v 75 19
v 76 12
e 60 60 0
e 60 65 0
e 60 75 0
e 61 61 2
e 61 64 1
e 61 65 2
e 61 66 0
e 61 67 2
e 61 68 0
e 61 69 0
e 61 70 1
e 61 71 1
e 61 72 0
e 61 73 0
e 61 75 0
e 62 71 0
e 63 64 0
e 63 65 0
e 63 66 0
e 63 71 0
e 64 65 0
e 64 66 0
e 64 68 0
e 64 70 0
e 64 71 0
e 64 72 0
e 64 75 0
e 65 65 2
e 65 66 0
e 65 67 2
e 65 68 0
e 65 69 0
e 65 76 0
e 65 70 1
e 65 71 1
e 65 72 1
e 65 73 0
e 65 74 0
e 65 75 1
e 66 66 1
e 66 67 0
e 66 68 0
e 66 70 0
e 66 71 0
e 66 73 0
e 67 67 2
e 67 68 0
e 67 69 0
e 67 70 0
e 67 71 0
e 67 72 1
e 67 73 0
e 67 74 0
e 67 75 0
e 68 70 0
e 68 71 0
e 68 72 0
e 68 73 0
e 68 74 0
e 68 75 0
e 69 70 0
e 69 72 0
e 70 71 1
e 70 72 1
e 70 73 0
e 70 74 0
e 70 75 0
e 71 71 0
e 71 72 0
e 71 73 0
e 71 74 0
e 71 75 0
e 72 72 1
e 72 73 0
e 72 74 0
e 72 75 1
e 73 74 0
e 73 75 0
e 74 74 0
e 74 75 0
e 75 75 0

t # 5
v 77 3
v 78 5
v 79 6
v 80 7
v 81 8
v 82 9
v 83 10
v 84 11
v 85 12
v 86 13
v 87 14
v 88 16
v 89 17
v 90 18
v 91 19
e 77 77 1
e 77 79 0
e 77 80 2
e 77 81 0
e 77 82 2
e 77 83 0
e 77 84 0
e 77 85 0
e 77 86 0
e 77 87 1
e 77 88 0
e 77 89 0
e 77 91 0
e 78 80 0
e 79 80 1
e 79 81 0
e 79 82 0
e 79 83 0
e 79 84 0
e 79 85 0
e 79 86 0
e 79 87 0
e 79 88 0
e 79 91 0
e 80 80 2
e 80 81 1
e 80 82 2
e 80 83 1
e 80 84 0
e 80 86 1
e 80 87 1
e 80 88 0
e 80 89 0
e 80 90 0
e 80 91 1
e 81 81 1
e 81 82 0
e 81 83 0
e 81 84 0
e 81 86 0
e 81 87 0
e 81 91 0
e 82 82 1
e 82 83 0
e 82 84 0
e 82 85 0
e 82 86 0
e 82 87 0
e 82 88 1
e 82 90 0
e 82 91 0
e 83 86 1
e 83 87 0
e 83 88 0
e 83 90 0
e 83 91 0
e 84 85 0
e 84 86 0
e 84 87 0
e 84 88 0
e 84 89 0
e 84 91 0
e 85 87 0
e 85 88 0
e 86 87 0
e 86 88 0
e 86 89 0
e 86 90 0
e 86 91 0
e 87 87 0
e 87 88 0
e 87 89 0
e 87 90 0
e 87 91 0
e 88 88 1
e 88 89 0
e 88 90 0
e 88 91 0
e 89 89 1
e 89 91 0
e 90 90 0
e 91 91 0

t # 6
v 92 1
v 93 3
v 94 4
v 95 5
v 96 6
v 97 7
v 98 8
v 99 9
v 100 10
v 101 11
v 102 12
v 103 13
v 104 14
v 105 16
v 106 17
v 107 18
v 108 19
e 92 97 0
e 92 103 0
e 92 104 0
e 93 93 2
e 93 96 0
e 93 97 2
e 93 98 0
e 93 99 2
e 93 100 0
e 93 103 1
e 93 104 0
e 93 105 1
e 93 106 0
e 93 107 0
e 93 108 0
e 94 102 0
e 94 104 0
e 95 95 0
e 96 97 1
e 96 99 0
e 96 100 0
e 96 103 0
e 96 104 0
e 96 105 0
e 96 107 0
e 96 108 0
e 97 97 2
e 97 98 1
e 97 99 2
e 97 100 1
e 97 103 1
e 97 104 2
e 97 105 1
e 97 106 0
e 97 107 0
e 97 108 1
e 98 98 1
e 98 99 0
e 98 101 0
e 98 102 0
e 98 103 0
e 98 104 0
e 98 108 0
e 99 99 2
e 99 100 0
e 99 103 0
e 99 104 1
e 99 105 1
e 99 107 1
e 100 103 1
e 100 104 0
e 100 105 1
e 100 108 0
e 101 103 0
e 101 104 0
e 102 104 0
e 103 104 1
e 103 105 1
e 103 106 0
e 103 108 0
e 104 104 0
e 104 105 0
e 104 106 0
e 104 107 0
e 104 108 0
e 105 105 2
e 105 106 0
e 105 107 0
e 105 108 1
e 106 106 0
e 106 108 0
e 107 107 0
e 108 108 0

t # 7
v 109 1
v 110 3
v 111 5
v 112 6
v 113 7
v 114 8
v 115 9
v 116 10
v 117 12
v 118 13
v 119 14
v 120 15
v 121 16
v 122 17
v 123 18
v 124 19
e 109 113 0
e 109 119 0
e 110 110 2
e 110 112 0
e 110 113 2
e 110 115 1
e 110 116 1
e 110 117 0
e 110 118 1
e 110 119 1
e 110 121 0
e 110 122 0
e 110 123 0
e 110 124 1
e 111 112 0
e 111 113 0
e 111 114 0
e 111 116 0
e 111 117 0
e 111 118 0
e 111 119 0
e 112 113 1
e 112 114 0
e 112 116 0
e 112 118 0
e 112 119 0
e 112 124 0
e 113 113 2
e 113 114 1
e 113 115 2
e 113 116 1
e 113 117 0
e 113 118 1
e 113 119 2
e 113 121 1
e 113 122 0
e 113 123 0
e 113 124 1
e 114 114 1
e 114 115 0
e 114 117 0
e 114 118 0
e 114 119 0
e 114 122 0
e 115 115 1
e 115 118 0
e 115 119 1
e 115 121 0
e 115 123 1
e 115 124 0
e 116 117 0
e 116 118 0
e 116 119 0
e 116 121 0
e 116 124 1
e 117 117 0
e 117 118 0
e 117 119 0
e 117 122 0
e 118 119 1
e 118 121 0
e 118 122 0
e 118 123 0
e 118 124 1
e 119 119 0
e 119 121 1
e 119 122 0
e 119 123 1
e 119 124 1
e 120 121 0
e 120 122 0
e 120 124 0
e 121 121 1
e 121 122 1
e 121 123 0
e 121 124 1
e 122 122 0
e 122 123 0
e 122 124 0
e 123 123 0
e 123 124 0
e 124 124 0

t # 8
v 125 3
v 126 5
v 127 6
v 128 7
v 129 8
v 130 9
v 131 10
v 132 11
v 133 12
v 134 13
v 135 14
v 136 16
v 137 17
v 138 18
v 139 19
e 125 125 1
e 125 127 0
e 125 128 2
e 125 129 0
e 125 130 2
e 125 131 0
e 125 132 0
e 125 134 1
e 125 135 1
e 125 136 0
e 125 137 0
e 125 138 0
e 125 139 1
e 126 129 0
e 126 135 0
e 127 128 1
e 127 129 0
e 127 134 0
e 127 135 0
e 127 136 0
e 128 128 2
e 128 129 1
e 128 130 2
e 128 131 0
e 128 132 1
e 128 133 0
e 128 134 2
e 128 135 2
e 128 136 1
e 128 137 0
e 128 138 0
e 128 139 1
e 129 129 1
e 129 130 0
e 129 131 0
e 129 132 0
e 129 133 0
e 129 134 1
e 129 135 1
e 129 136 0
e 129 137 0
e 129 138 0
e 129 139 0
e 130 130 0
e 130 132 0
e 130 134 0
e 130 135 2
e 130 136 1
e 130 138 1
e 130 139 0
e 131 132 0
e 131 134 0
e 131 135 0
e 131 136 0
e 131 138 0
e 131 139 0
e 132 132 0
e 132 134 0
e 132 135 0
e 132 136 0
e 132 138 0
e 133 134 0
e 133 135 0
e 134 135 1
e 134 136 1
e 134 137 0
e 134 138 0
e 134 139 0
e 135 135 1
e 135 136 0
e 135 137 0
e 135 138 1
e 135 139 1
e 136 136 1
e 136 137 0
e 136 138 1
e 136 139 0
e 137 137 0
e 137 138 0
e 137 139 0
e 138 138 0
e 139 139 0

t # 9
v 140 1
v 141 3
v 142 4
v 143 5
v 144 6
v 145 7
v 146 8
v 147 9
v 148 10
v 149 11
v 150 12
v 151 13
v 152 14
v 153 16
v 154 17
v 155 18
v 156 19
e 140 145 0
e 140 152 0
e 140 155 0
e 141 141 1
e 141 142 0
e 141 143 0
e 141 144 1
e 141 145 2
e 141 146 0
e 141 147 2
e 141 148 0
e 141 149 0
e 141 150 0
e 141 151 1
e 141 152 1
e 141 153 0
e 141 154 0
e 141 155 0
e 141 156 0
e 142 142 0
e 142 143 0
e 142 144 0
e 142 146 0
e 142 148 0
e 142 149 0
e 142 151 0
e 142 152 0
e 143 144 0
e 143 145 0
e 143 146 0
e 143 148 0
e 143 149 0
e 143 151 0
e 143 152 0
e 143 156 0
e 144 145 1
e 144 146 0
e 144 147 0
e 144 148 0
e 144 149 0
e 144 151 1
e 144 152 0
e 144 153 0
e 144 156 0
e 145 145 2
e 145 146 1
e 145 147 2
e 145 148 0
e 145 149 0
e 145 150 0
e 145 151 1
e 145 152 2
e 145 153 0
e 145 154 0
e 145 155 1
e 145 156 1
e 146 146 1
e 146 148 0
e 146 149 0
e 146 151 0
e 146 152 0
e 146 153 0
e 146 154 0
e 146 156 0
e 147 147 1
e 147 148 0
e 147 149 0
e 147 151 0
e 147 152 2
e 147 153 0
e 147 155 1
e 147 156 0
e 148 149 0
e 148 151 0
e 148 152 0
e 148 153 0
e 148 156 0
e 149 151 0
e 149 152 0
e 149 153 0
e 149 156 0
e 150 152 0
e 150 156 0
e 151 152 0
e 151 153 0
e 151 156 0
e 152 152 0
e 152 153 0
e 152 154 0
e 152 155 0
e 152 156 1
e 153 153 1
e 153 154 1
e 153 155 0
e 153 156 1
e 154 154 0
e 154 156 0
e 155 155 0
e 155 156 0
e 156 156 0

t # 10
v 157 3
v 158 6
v 159 7
v 160 8
v 161 9
v 162 10
v 163 11
v 164 12
v 165 13
v 166 14
v 167 16
v 168 17
v 169 18
v 170 19
e 157 157 1
e 157 158 0
e 157 159 2
e 157 160 0
e 157 161 1
e 157 163 0
e 157 164 0
e 157 165 1
e 157 166 1
e 157 168 0
e 157 170 0
e 158 159 0
e 158 160 0
e 158 161 0
e 158 163 0
e 158 164 0
e 158 165 0
e 158 166 0
e 158 169 0
e 159 159 2
e 159 160 1
e 159 161 2
e 159 162 0
e 159 163 0
e 159 164 0
e 159 165 1
e 159 166 2
e 159 168 0
e 159 169 0
e 159 170 0
e 160 160 1
e 160 161 0
e 160 162 0
e 160 163 0
e 160 164 0
e 160 165 0
e 160 166 1
e 160 169 0
e 161 161 1
e 161 164 0
e 161 165 0
e 161 166 2
e 161 167 0
e 161 169 1
e 161 170 0
e 162 163 0
e 162 165 0
e 162 166 0
e 162 169 0
e 163 165 0
e 163 166 0
e 163 169 0
e 164 165 0
e 164 166 0
e 165 166 1
e 165 168 0
e 165 169 0
e 165 170 0
e 166 166 0
e 166 167 0
e 166 169 1
e 166 170 0
e 167 167 2
e 167 168 0
e 167 169 0
e 167 170 0
e 168 168 0
e 169 169 0
e 170 170 0

t # 11
v 171 3
v 172 5
v 173 6
v 174 7
v 175 8
v 176 9
v 177 10
v 178 11
v 179 13
v 180 14
v 181 16
v 182 17
v 183 18
v 184 19
v 185 12
e 171 171 1
e 171 174 2
e 171 175 0
e 171 176 0
e 171 179 0
e 171 180 0
e 171 182 0
e 171 184 0
e 172 172 0
e 172 174 0
e 172 177 0
e 172 185 0
e 172 180 0
e 173 174 0
e 173 181 0
e 174 174 2
e 174 175 1
e 174 176 1
e 174 177 0
e 174 178 0
e 174 185 0
e 174 179 1
e 174 180 0
e 174 181 0
e 174 182 0
e 174 184 0
e 175 175 1
e 175 176 0
e 175 179 0
e 175 180 0
e 175 182 0
e 176 176 1
e 176 179 0
e 176 180 1
e 176 181 0
e 176 183 0
e 176 184 0
e 177 177 0
e 177 178 0
e 177 185 0
e 177 179 0
e 178 179 0
e 179 180 0
e 179 181 0
e 179 184 0
e 180 183 0
e 180 184 0
e 181 181 0
e 181 182 0
e 181 183 0
e 181 184 0
e 182 182 0
e 182 184 0
e 183 183 1
e 183 184 0
e 184 184 0

t # 12
v 186 3
v 187 5
v 188 6
v 189 7
v 190 8
v 191 9
v 192 10
v 193 12
v 194 13
v 195 14
v 196 16
v 197 17
v 198 18
v 199 19
e 186 186 1
e 186 188 1
e 186 189 2
e 186 190 0
e 186 191 1
e 186 194 0
e 186 195 1
e 186 196 0
e 186 198 0
e 186 199 0
e 187 189 0
e 187 190 0
e 188 189 0
e 188 194 0
e 188 195 0
e 188 196 0
e 189 189 2
e 189 190 0
e 189 191 1
e 189 194 0
e 189 195 1
e 189 196 0
e 189 198 0
e 189 199 0
e 190 190 1
e 190 191 1
e 190 193 0
e 190 195 0
e 190 198 0
e 190 199 0
e 191 191 1
e 191 193 0
e 191 194 0
e 191 195 1
e 191 196 0
e 191 198 1
e 191 199 0
e 192 194 0
e 192 196 0
e 192 197 0
e 193 195 0
e 193 198 0
e 194 194 0
e 194 195 0
e 194 196 0
e 194 197 0
e 194 199 0
e 195 195 0
e 195 196 0
e 195 198 0
e 195 199 0
e 196 196 0
e 196 197 0
e 196 198 0
e 196 199 1
e 197 197 0
e 198 198 0
e 198 199 1
e 199 199 0

t # 13
v 200 2
v 201 3
v 202 5
v 203 6
v 204 7
v 205 8
v 206 9
v 207 10
v 208 12
v 209 13
v 210 14
v 211 15
v 212 16
v 213 17
v 214 18
v 215 19
e 200 201 0
e 201 201 0
e 201 203 0
e 201 204 2
e 201 206 0
e 201 207 0
e 201 209 0
e 201 210 1
e 201 211 0
e 201 213 0
e 201 215 0
e 202 204 0
e 202 205 0
e 202 207 0
e 202 209 0
e 202 210 0
e 202 212 0
e 203 204 0
e 203 210 0
e 204 204 2
e 204 205 1
e 204 206 1
e 204 207 0
e 204 208 0
e 204 209 0
e 204 210 2
e 204 212 1
e 204 213 0
e 204 214 0
e 204 215 0
e 205 205 1
e 205 206 0
e 205 207 0
e 205 208 0
e 205 209 0
e 205 210 0
e 205 213 0
e 205 215 0
e 206 206 1
e 206 208 0
e 206 209 0
e 206 210 1
e 206 212 0
e 206 214 0
e 206 215 0
e 207 210 0
e 207 212 0
e 208 210 0
e 208 214 0
e 209 210 0
e 209 211 0
e 209 212 0
e 209 213 0
e 210 211 0
e 210 212 0
e 210 213 0
e 210 214 0
e 210 215 0
e 211 213 0
e 212 212 1
e 212 214 0
e 212 215 0
e 213 213 0
e 214 214 0
e 214 215 0
e 215 215 0

t # 14
v 216 3
v 217 6
v 218 7
v 219 8
v 220 9
v 221 10
v 222 11
v 223 12
v 224 13
v 225 14
v 226 16
v 227 17
v 228 19
v 229 18
e 216 216 1
e 216 217 0
e 216 218 2
e 216 220 0
e 216 224 0
e 216 225 1
e 216 226 0
e 216 228 0
e 217 217 0
e 217 218 0
e 217 225 0
e 218 218 2
e 218 219 1
e 218 220 1
e 218 221 0
e 218 222 0
e 218 224 1
e 218 225 1
e 218 226 1
e 218 227 0
e 218 229 0
e 218 228 0
e 219 219 1
e 219 220 0
e 219 221 0
e 219 222 0
e 219 224 0
e 219 225 0
e 219 227 0
e 219 228 0
e 220 220 1
e 220 225 0
e 220 226 1
e 220 229 0
e 221 222 0
e 221 224 0
e 221 225 0
e 221 226 0
e 222 224 0
e 222 225 0
e 222 227 0
e 223 226 0
e 223 228 0
e 224 225 1
e 224 226 0
e 224 227 0
e 224 229 0
e 224 228 0
e 225 225 0
e 225 226 0
e 225 227 0
e 225 229 0
e 225 228 0
e 226 226 0
e 226 227 1
e 226 229 0
e 226 228 0
e 227 227 0
e 227 228 0
e 228 228 0

t # 15
v 230 1
v 231 3
v 232 6
v 233 7
v 234 8
v 235 9
v 236 10
v 237 11
v 238 12
v 239 13
v 240 14
v 241 16
v 242 17
v 243 18
v 244 19
e 230 232 0
e 230 233 0
e 231 231 0
e 231 232 0
e 231 233 2
e 231 234 0
e 231 235 0
e 231 237 0
e 231 239 0
e 231 240 0
e 231 241 0
e 231 244 1
e 232 233 1
e 232 239 0
e 232 240 0
e 233 233 2
e 233 234 0
e 233 235 1
e 233 236 0
e 233 237 0
e 233 238 0
e 233 239 1
e 233 240 1
e 233 241 0
e 233 243 0
e 233 244 0
e 234 234 1
e 234 235 0
e 234 237 0
e 234 238 0
e 234 239 0
e 234 240 0
e 234 244 0
e 235 235 1
e 235 238 0
e 235 240 0
e 235 241 0
e 235 243 0
e 235 244 0
e 236 237 0
e 236 239 0
e 236 240 0
e 236 241 0
e 236 244 0
e 237 238 0
e 237 239 0
e 237 240 0
e 237 241 0
e 238 240 0
e 238 244 0
e 239 240 0
e 239 241 0
e 239 242 0
e 240 240 0
e 240 241 0
e 240 243 0
e 240 244 0
e 241 241 1
e 241 242 0
e 241 243 0
e 241 244 0
e 242 242 0
e 243 243 0
e 244 244 0

t # 16
v 245 3
v 246 5
v 247 6
v 248 7
v 249 8
v 250 9
v 251 10
v 252 12
v 253 13
v 254 14
v 255 16
v 256 17
v 257 18
v 258 19
v 259 11
e 245 245 1
e 245 247 1
e 245 248 2
e 245 249 0
e 245 250 0
e 245 251 0
e 245 259 0
e 245 253 1
e 245 254 1
e 245 255 0
e 245 257 0
e 245 258 0
e 246 248 0
e 246 255 0
e 247 248 1
e 247 249 0
e 247 250 0
e 247 251 0
e 247 259 0
e 247 253 0
e 247 254 0
e 247 255 0
e 247 257 0
e 247 258 0
e 248 248 2
e 248 249 1
e 248 250 1
e 248 251 0
e 248 259 0
e 248 253 1
e 248 254 1
e 248 255 1
e 248 257 0
e 248 258 0
e 249 249 0
e 249 250 0
e 249 251 0
e 249 253 0
e 249 254 0
e 249 255 0
e 249 258 0
e 250 250 1
e 250 251 0
e 250 252 0
e 250 254 0
e 250 255 0
e 250 257 1
e 251 252 0
e 251 253 0
e 251 254 0
e 251 255 1
e 251 257 0
e 252 253 0
e 252 254 0
e 252 255 0
e 253 253 0
e 253 254 1
e 253 255 0
e 253 257 0
e 254 254 0
e 254 255 1
e 254 257 1
e 254 258 0
e 255 255 1
e 255 256 0
e 255 257 1
e 255 258 0
e 256 256 0
e 256 258 0
e 257 257 0
e 257 258 0
e 258 258 0

t # 17
v 260 3
v 261 5
v 262 6
v 263 7
v 264 8
v 265 9
v 266 10
v 267 11
v 268 13
v 269 14
v 270 16
v 271 17
v 272 18
v 273 19
e 260 260 1
e 260 263 1
e 260 265 1
e 260 267 0
e 260 268 0
e 260 269 0
e 260 272 0
e 261 262 0
e 261 263 0
e 261 264 0
e 261 269 0
e 262 263 0
e 262 264 0
e 262 269 0
e 263 263 2
e 263 264 1
e 263 265 1
e 263 266 0
e 263 267 0
e 263 268 1
e 263 269 1
e 263 270 0
e 263 272 0
e 263 273 0
e 264 264 1
e 264 265 0
e 264 268 0
e 264 269 0
e 264 270 0
e 265 265 1
e 265 266 0
e 265 268 0
e 265 269 1
e 265 270 1
e 265 272 1
e 266 267 0
e 266 268 0
e 266 269 0
e 266 270 0
e 266 271 0
e 266 272 0
e 267 268 0
e 267 269 0
e 267 270 0
e 268 269 1
e 268 270 1
e 268 271 0
e 268 273 0
e 269 269 0
e 269 270 0
e 269 271 0
e 269 272 0
e 269 273 0
e 270 270 0
e 270 271 0
e 270 272 0
e 270 273 0
e 271 271 0
e 271 273 0
e 272 273 0
e 273 273 0

t # 18
v 274 1
v 275 3
v 276 5
v 277 6
v 278 7
v 279 8
v 280 9
v 281 10
v 282 11
v 283 12
v 284 13
v 285 14
v 286 16
v 287 17
v 288 19
v 289 18
e 274 275 0
e 274 278 0
e 274 279 0
e 274 285 0
e 274 289 0
e 275 275 1
e 275 276 0
e 275 277 0
e 275 278 2
e 275 279 0
e 275 280 0
e 275 281 0
e 275 284 0
e 275 285 1
e 275 286 1
e 275 289 0
e 275 288 0
e 276 278 0
e 276 281 0
e 276 284 0
e 276 285 0
e 276 286 0
e 276 288 0
e 277 278 0
e 277 288 0
e 278 278 2
e 278 279 1
e 278 280 1
e 278 281 0
e 278 282 0
e 278 284 1
e 278 285 2
e 278 286 1
e 278 287 0
e 278 289 0
e 278 288 0
e 279 279 1
e 279 280 1
e 279 283 0
e 279 285 0
e 279 286 0
e 279 289 0
e 279 288 0
e 280 280 1
e 280 281 0
e 280 283 0
e 280 285 1
e 280 286 0
e 280 289 0
e 280 288 0
e 281 282 0
e 281 284 0
e 281 285 0
e 281 286 0
e 281 288 0
e 282 284 0
e 282 285 0
e 283 284 0
e 283 285 0
e 283 286 0
e 283 288 0
e 284 285 1
e 284 286 0
e 284 287 0
e 284 288 0
e 285 285 0
e 285 286 0
e 285 289 0
e 285 288 0
e 286 286 0
e 286 287 0
e 286 289 0
e 286 288 0
e 287 287 0
e 288 288 0

t # 19
v 290 1
v 291 3
v 292 6
v 293 7
v 294 8
v 295 9
v 296 10
v 297 11
v 298 13
v 299 14
v 300 16
v 301 17
v 302 18
v 303 19
v 304 12
e 290 291 0
e 290 298 0
e 290 303 0
e 291 291 1
e 291 292 1
e 291 293 2
e 291 294 0
e 291 295 1
e 291 296 1
e 291 297 0
e 291 298 1
e 291 299 1
e 291 300 0
e 291 303 1
e 292 292 0
e 292 293 1
e 292 294 0
e 292 295 0
e 292 298 0
e 292 299 0
e 292 303 0
e 293 293 2
e 293 294 1
e 293 295 2
e 293 296 0
e 293 297 0
e 293 304 0
e 293 298 1
e 293 299 1
e 293 300 1
e 293 301 0
e 293 302 1
e 293 303 1
e 294 294 1
e 294 295 0
e 294 298 0
e 294 299 0
e 294 300 0
e 294 303 0
e 295 295 1
e 295 297 0
e 295 304 0
e 295 298 0
e 295 299 1
e 295 300 0
e 295 302 0
e 296 298 0
e 296 299 0
e 296 300 0
e 296 303 0
e 297 297 0
e 297 298 0
e 297 299 0
e 297 300 0
e 297 301 0
e 297 303 0
e 298 299 1
e 298 300 0
e 298 301 0
e 298 302 0
e 298 303 0
e 299 299 0
e 299 300 0
e 299 302 0
e 299 303 1
e 300 300 1
e 300 301 0
e 300 302 0
e 300 303 0
e 301 303 0
e 302 302 0
e 303 303 0

t # 20
v 305 1
v 306 3
v 307 5
v 308 6
v 309 7
v 310 8
v 311 9
v 312 10
v 313 11
v 314 12
v 315 13
v 316 14
v 317 16
v 318 17
v 319 18
v 320 19
e 305 306 0
e 305 315 0
e 305 320 0
e 306 306 0
e 306 308 0
e 306 309 2
e 306 310 0
e 306 311 0
e 306 312 0
e 306 315 0
e 306 317 0
e 306 318 0
e 306 320 0
e 307 307 0
e 308 309 0
e 308 310 0
e 308 312 0
e 308 313 0
e 308 314 0
e 308 315 0
e 308 316 0
e 308 317 0
e 308 320 0
e 309 309 2
e 309 310 1
e 309 311 1
e 309 312 0
e 309 313 0
e 309 314 0
e 309 315 1
e 309 316 1
e 309 317 1
e 309 318 0
e 309 319 0
e 309 320 0
e 310 310 2
e 310 311 0
e 310 312 0
e 310 313 0
e 310 314 0
e 310 315 0
e 310 316 1
e 310 317 0
e 310 318 0
e 310 319 0
e 311 311 1
e 311 313 0
e 311 315 0
e 311 316 1
e 311 317 1
e 311 319 0
e 312 313 0
e 312 315 0
e 312 316 0
e 312 317 0
e 312 318 0
e 312 319 0
e 312 320 0
e 313 314 0
e 313 315 0
e 313 316 0
e 313 317 0
e 313 318 0
e 313 320 0
e 314 315 0
e 314 316 0
e 314 317 0
e 315 316 1
e 315 317 1
e 315 318 0
e 315 319 0
e 315 320 0
e 316 316 0
e 316 317 1
e 316 318 0
e 316 319 0
e 316 320 0
e 317 317 1
e 317 318 1
e 317 319 0
e 317 320 1
e 318 320 0
e 319 319 0
e 320 320 0

t # 21
v 321 3
v 322 5
v 323 6
v 324 7
v 325 8
v 326 9
v 327 10
v 328 11
v 329 13
v 330 14
v 331 16
v 332 17
v 333 18
v 334 19
v 335 12
e 321 321 1
e 321 323 0
e 321 324 2
e 321 326 0
e 321 327 0
e 321 328 0
e 321 329 0
e 321 330 1
e 321 331 0
e 321 334 0
e 322 324 0
e 322 325 0
e 322 330 0
e 323 323 0
e 323 324 0
e 324 324 2
e 324 325 1
e 324 326 1
e 324 327 0
e 324 328 0
e 324 329 0
e 324 330 1
e 324 331 0
e 324 332 0
e 324 333 0
e 324 334 0
e 325 325 0
e 325 326 0
e 325 335 0
e 325 330 0
e 326 326 0
e 326 328 0
e 326 329 0
e 326 330 0
e 326 331 0
e 326 333 1
e 327 328 0
e 327 329 0
e 327 330 0
e 327 331 0
e 328 329 0
e 328 330 0
e 328 331 0
e 328 334 0
e 329 330 0
e 329 331 0
e 329 334 0
e 330 330 0
e 330 331 0
e 330 332 0
e 330 333 0
e 330 334 0
e 331 331 1
e 331 332 0
e 331 333 0
e 331 334 0
e 332 332 0
e 332 334 0
e 333 333 0
e 333 334 0
e 334 334 0

t # 22
v 336 1
v 337 3
v 338 6
v 339 7
v 340 8
v 341 9
v 342 11
v 343 12
v 344 13
v 345 14
v 346 16
v 347 17
v 348 18
v 349 19
e 336 337 0
e 336 338 0
e 336 339 0
e 336 344 0
e 336 345 0
e 337 337 0
e 337 338 0
e 337 339 1
e 337 340 0
e 337 341 0
e 337 344 0
e 337 345 0
e 337 346 0
e 338 339 0
e 338 344 0
e 338 345 0
e 339 339 2
e 339 340 1
e 339 341 1
e 339 342 0
e 339 343 0
e 339 344 0
e 339 345 1
e 339 346 0
e 339 347 0
e 339 348 0
e 339 349 0
e 340 340 1
e 340 341 0
e 340 342 0
e 340 344 0
e 340 345 0
e 340 346 0
e 341 341 2
e 341 342 0
e 341 343 0
e 341 344 0
e 341 345 1
e 341 346 0
e 341 347 0
e 341 348 0
e 341 349 0
e 342 344 0
e 342 345 0
e 343 344 0
e 343 345 0
e 344 345 0
e 345 346 0
e 345 348 0
e 346 346 1
e 346 347 0
e 346 348 0
e 346 349 0
e 347 347 0
e 347 349 0
e 348 348 0
e 349 349 0

t # 23
v 350 3
v 351 5
v 352 6
v 353 7
v 354 8
v 355 9
v 356 10
v 357 11
v 358 13
v 359 14
v 360 16
v 361 17
v 362 18
v 363 19
v 364 12
e 350 350 0
e 350 352 0
e 350 353 2
e 350 354 0
e 350 355 0
e 350 356 0
e 350 358 0
e 350 359 1
e 350 360 0
e 350 361 0
e 350 363 0
e 351 351 0
e 352 353 0
e 352 355 0
e 352 358 0
e 352 359 0
e 353 353 2
e 353 354 0
e 353 355 1
e 353 356 0
e 353 357 0
e 353 364 0
e 353 358 1
e 353 359 1
e 353 360 0
e 353 361 0
e 353 362 0
e 353 363 0
e 354 354 0
e 354 356 0
e 354 358 0
e 354 359 0
e 354 361 0
e 354 363 0
e 355 355 1
e 355 358 0
e 355 359 0
e 355 362 0
e 356 358 0
e 356 359 0
e 356 360 0
e 356 361 0
e 356 363 0
e 357 358 0
e 357 359 0
e 357 360 0
e 357 363 0
e 358 359 0
e 358 360 0
e 358 361 0
e 358 363 0
e 359 360 0
e 359 361 0
e 359 363 0
e 360 360 1
e 360 363 0
e 361 361 1
e 361 363 0
e 362 362 0
e 363 363 0

t # 24
v 365 3
v 366 5
v 367 6
v 368 7
v 369 8
v 370 9
v 371 11
v 372 12
v 373 13
v 374 14
v 375 16
v 376 17
v 377 18
v 378 19
e 365 365 1
e 365 367 0
e 365 368 1
e 365 374 0
e 366 368 0
e 367 368 0
e 368 368 2
e 368 369 1
e 368 370 1
e 368 373 0
e 368 374 1
e 368 375 1
e 368 376 0
e 368 377 0
e 368 378 0
e 369 369 1
e 369 370 0
e 369 372 0
e 369 373 0
e 369 374 0
e 369 376 0
e 369 377 0
e 369 378 0
e 370 370 1
e 370 372 0
e 370 373 0
e 370 374 0
e 370 375 1
e 370 377 0
e 371 372 0
e 371 373 0
e 371 375 0
e 372 373 0
e 372 374 0
e 372 375 0
e 372 376 0
e 372 377 0
e 372 378 0
e 373 374 0
e 373 375 0
e 373 376 0
e 373 377 0
e 373 378 0
e 374 374 0
e 374 375 0
e 374 376 0
e 374 377 0
e 375 375 1
e 375 376 0
e 375 377 0
e 375 378 0
e 376 378 0
e 377 377 0
e 378 378 0

t # 25
v 379 3
v 380 5
v 381 6
v 382 7
v 383 8
v 384 9
v 385 10
v 386 11
v 387 12
v 388 13
v 389 14
v 390 16
v 391 17
v 392 18
v 393 19
e 379 379 1
e 379 381 0
e 379 382 1
e 379 383 0
e 379 385 0
e 379 386 0
e 379 388 1
e 379 389 1
e 379 390 0
e 379 393 0
e 380 382 0
e 381 382 0
e 381 389 0
e 381 393 0
e 382 382 2
e 382 383 0
e 382 384 1
e 382 385 0
e 382 386 0
e 382 387 0
e 382 388 1
e 382 389 1
e 382 390 0
e 382 391 0
e 382 392 0
e 382 393 0
e 383 383 1
e 383 388 0
e 383 389 0
e 383 390 0
e 384 384 1
e 384 385 0
e 384 387 0
e 384 388 0
e 384 389 1
e 384 390 1
e 384 392 0
e 384 393 0
e 385 386 0
e 385 388 0
e 385 389 0
e 385 390 0
e 386 388 0
e 386 389 0
e 386 390 0
e 387 389 0
e 387 392 0
e 388 389 1
e 388 390 0
e 389 390 1
e 389 392 0
e 389 393 0
e 390 390 2
e 390 391 0
e 390 392 0
e 390 393 0
e 391 391 0
e 391 393 0
e 392 392 0
e 393 393 0

t # 26
v 394 2
v 395 3
v 396 4
v 397 5
v 398 6
v 399 7
v 400 8
v 401 9
v 402 10
v 403 11
v 404 12
v 405 13
v 406 14
v 407 16
v 408 17
v 409 18
v 410 19
e 394 395 0
e 395 395 1
e 395 396 0
e 395 397 0
e 395 398 0
e 395 399 2
e 395 400 0
e 395 401 0
e 395 405 0
e 395 406 0
e 395 407 0
e 395 410 0
e 396 399 0
e 397 399 0
e 397 400 0
e 397 401 0
e 397 405 0
e 397 406 0
e 398 399 0
e 398 400 0
e 398 404 0
e 399 399 2
e 399 400 1
e 399 401 2
e 399 402 0
e 399 403 0
e 399 404 0
e 399 405 1
e 399 406 2
e 399 407 1
e 399 408 0
e 399 409 0
e 399 410 0
e 400 400 1
e 400 401 1
e 400 403 0
e 400 404 0
e 400 405 0
e 400 406 1
e 400 408 0
e 400 409 0
e 400 410 0
e 401 401 2
e 401 402 0
e 401 404 0
e 401 405 1
e 401 406 1
e 401 407 0
e 401 409 1
e 401 410 0
e 402 403 0
e 402 405 0
e 402 406 0
e 403 404 0
e 403 405 0
e 403 406 0
e 403 409 0
e 404 405 0
e 404 406 1
e 404 409 0
e 404 410 0
e 405 406 1
e 405 407 0
e 405 409 0
e 405 410 0
e 406 406 0
e 406 407 0
e 406 409 0
e 406 410 0
e 407 407 1
e 407 410 0
e 408 408 0
e 409 409 0
e 410 410 0

t # 27
v 411 3
v 412 5
v 413 6
v 414 7
v 415 8
v 416 9
v 417 10
v 418 11
v 419 12
v 420 13
v 421 14
v 422 16
v 423 17
v 424 18
v 425 19
e 411 411 1
e 411 413 0
e 411 414 2
e 411 415 0
e 411 416 0
e 411 418 0
e 411 420 0
e 411 421 1
e 411 422 0
e 412 412 0
e 413 414 0
e 413 415 0
e 413 420 0
e 413 421 0
e 413 422 0
e 414 414 2
e 414 415 1
e 414 416 1
e 414 417 0
e 414 418 0
e 414 419 0
e 414 420 1
e 414 421 1
e 414 422 0
e 414 423 0
e 414 424 0
e 414 425 0
e 415 415 1
e 415 416 0
e 415 417 0
e 415 418 0
e 415 420 0
e 415 421 0
e 415 422 0
e 416 416 2
e 416 418 0
e 416 419 0
e 416 420 0
e 416 421 1
e 416 422 0
e 416 424 1
e 417 418 0
e 417 420 0
e 417 421 0
e 417 422 0
e 418 419 0
e 418 420 0
e 418 421 0
e 418 425 0
e 419 420 0
e 419 421 0
e 420 421 1
e 420 422 0
e 420 424 0
e 421 421 0
e 421 422 0
e 421 423 0
e 421 424 0
e 421 425 0
e 422 422 1
e 422 423 0
e 422 424 0
e 422 425 0
e 423 423 0
e 424 424 0
e 425 425 1

t # 28
v 426 3
v 427 6
v 428 7
v 429 8
v 430 9
v 431 10
v 432 11
v 433 12
v 434 13
v 435 14
v 436 16
v 437 17
v 438 18
v 439 19
e 426 426 1
e 426 427 0
e 426 428 2
e 426 430 1
e 426 431 0
e 426 432 0
e 426 433 0
e 426 434 0
e 426 435 1
e 426 438 0
e 426 439 0
e 427 428 0
e 427 429 0
e 427 431 0
e 427 433 0
e 427 434 0
e 427 435 0
e 427 438 0
e 428 428 2
e 428 429 1
e 428 430 2
e 428 431 0
e 428 432 0
e 428 433 0
e 428 434 1
e 428 435 2
e 428 436 0
e 428 437 0
e 428 438 1
e 428 439 1
e 429 429 0
e 429 430 0
e 429 432 0
e 429 433 0
e 429 434 0
e 429 435 0
e 429 437 0
e 429 438 0
e 430 430 2
e 430 433 0
e 430 434 0
e 430 435 1
e 430 436 0
e 430 438 1
e 431 432 0
e 431 434 0
e 431 435 0
e 431 438 0
e 432 434 0
e 432 435 0
e 433 434 0
e 433 435 0
e 433 438 0
e 434 435 1
e 434 436 0
e 434 437 0
e 434 438 0
e 434 439 0
e 435 435 0
e 435 436 0
e 435 437 0
e 435 438 1
e 435 439 0
e 436 436 2
e 436 437 1
e 436 438 0
e 436 439 0
e 437 437 0
e 437 438 0
e 437 439 0
e 438 438 0
e 439 439 0

t # 29
v 440 1
v 441 3
v 442 5
v 443 6
v 444 7
v 445 8
v 446 9
v 447 10
v 448 11
v 449 12
v 450 13
v 451 14
v 452 16
v 453 17
v 454 18
v 455 19
e 440 441 0
e 440 444 0
e 440 450 0
e 440 451 0
e 441 441 0
e 441 443 0
e 441 444 2
e 441 445 0
e 441 446 0
e 441 447 0
e 441 450 0
e 441 451 1
e 441 452 0
e 441 454 0
e 441 455 0
e 442 442 0
e 442 444 0
e 442 450 0
e 443 443 0
e 443 444 0
e 443 445 0
e 443 449 0
e 443 451 0
e 443 455 0
e 444 444 2
e 444 445 1
e 444 446 1
e 444 447 0
e 444 448 0
e 444 449 0
e 444 450 1
e 444 451 2
e 444 452 0
e 444 453 0
e 444 454 0
e 444 455 1
e 445 445 1
e 445 446 0
e 445 447 0
e 445 448 0
e 445 449 0
e 445 450 0
e 445 451 1
e 445 455 0
e 446 446 2
e 446 448 0
e 446 450 0
e 446 451 1
e 446 452 0
e 446 454 0
e 447 450 0
e 447 451 1
e 447 452 0
e 447 453 0
e 447 454 0
e 447 455 0
e 448 450 0
e 448 451 0
e 448 452 0
e 448 455 0
e 449 451 0
e 450 451 1
e 450 452 0
e 450 453 0
e 450 454 0
e 450 455 0
e 451 451 0
e 451 452 0
e 451 453 0
e 451 454 0
e 451 455 0
e 452 452 1
e 452 453 0
e 452 454 0
e 452 455 1
e 453 453 0
e 453 455 0
e 454 454 0
e 454 455 0
e 455 455 0

t # 30
v 456 3
v 457 5
v 458 6
v 459 7
v 460 8
v 461 9
v 462 10
v 463 11
v 464 13
v 465 14
v 466 15
v 467 16
v 468 17
v 469 18
v 470 19
v 471 12
e 456 456 1
e 456 458 1
e 456 459 2
e 456 460 0
e 456 461 0
e 456 462 0
e 456 463 0
e 456 471 0
e 456 464 1
e 456 465 1
e 456 467 0
e 456 470 0
e 457 459 0
e 458 459 1
e 458 464 0
e 458 465 0
e 458 467 0
e 459 459 2
e 459 460 1
e 459 461 2
e 459 462 0
e 459 463 1
e 459 471 0
e 459 464 1
e 459 465 1
e 459 467 1
e 459 468 0
e 459 469 1
e 459 470 1
e 460 460 1
e 460 461 0
e 460 463 0
e 460 471 0
e 460 464 1
e 460 465 0
e 460 470 0
e 461 461 2
e 461 462 0
e 461 463 0
e 461 464 0
e 461 465 0
e 461 467 0
e 461 469 0
e 461 470 0
e 462 464 0
e 462 465 0
e 462 467 0
e 462 469 0
e 462 470 0
e 463 464 1
e 463 465 0
e 463 467 0
e 463 470 0
e 464 465 1
e 464 467 0
e 464 469 0
e 464 470 1
e 465 465 0
e 465 467 1
e 465 468 0
e 465 469 0
e 465 470 0
e 466 468 0
e 467 467 1
e 467 468 0
e 467 469 1
e 467 470 1
e 468 468 0
e 468 470 0
e 469 470 0
e 470 470 1

t # 31
v 472 1
v 473 3
v 474 5
v 475 6
v 476 7
v 477 8
v 478 9
v 479 10
v 480 11
v 481 12
v 482 13
v 483 14
v 484 15
v 485 16
v 486 17
v 487 18
v 488 19
e 472 473 0
e 472 476 0
e 472 482 0
e 472 483 0
e 473 473 1
e 473 474 0
e 473 475 0
e 473 476 2
e 473 477 0
e 473 478 0
e 473 479 0
e 473 481 0
e 473 482 1
e 473 483 1
e 473 484 0
e 473 485 1
e 473 486 0
e 473 488 0
e 474 475 0
e 474 479 0
e 474 482 0
e 474 483 0
e 474 484 0
e 474 485 0
e 474 486 0
e 474 488 0
e 475 476 0
e 475 477 0
e 475 479 0
e 475 481 0
e 475 482 0
e 475 483 0
e 475 484 0
e 475 485 0
e 475 486 0
e 475 488 0
e 476 476 2
e 476 477 2
e 476 478 2
e 476 479 1
e 476 480 0
e 476 481 0
e 476 482 1
e 476 483 2
e 476 485 0
e 476 486 1
e 476 488 1
e 477 477 1
e 477 478 1
e 477 479 1
e 477 480 0
e 477 481 0
e 477 483 1
e 477 485 0
e 477 486 0
e 477 488 0
e 478 478 2
e 478 479 1
e 478 481 0
e 478 482 0
e 478 483 2
e 478 485 1
e 478 487 0
e 478 488 0
e 479 479 0
e 479 480 0
e 479 482 0
e 479 483 0
e 479 484 0
e 479 485 0
e 479 486 0
e 479 488 0
e 480 482 0
e 480 483 0
e 480 486 0
e 481 481 0
e 481 482 0
e 481 483 1
e 481 488 0
e 482 483 1
e 482 484 0
e 482 485 0
e 482 486 0
e 482 488 0
e 483 483 0
e 483 484 0
e 483 485 1
e 483 486 0
e 483 487 0
e 483 488 0
e 484 485 0
e 484 486 0
e 484 488 0
e 485 485 2
e 485 486 0
e 485 488 0
e 486 486 0
e 486 488 0
e 487 487 0
e 488 488 1

t # 32
v 489 1
v 490 3
v 491 5
v 492 6
v 493 7
v 494 8
v 495 9
v 496 10
v 497 11
v 498 13
v 499 14
v 500 16
v 501 17
v 502 18
v 503 19
v 504 12
e 489 490 0
e 489 493 0
e 489 498 0
e 489 499 0
e 489 502 0
e 490 490 0
e 490 491 0
e 490 492 1
e 490 493 2
e 490 494 0
e 490 495 0
e 490 496 1
e 490 504 0
e 490 498 1
e 490 499 1
e 490 500 0
e 490 502 0
e 490 503 0
e 491 492 0
e 491 493 0
e 491 498 0
e 491 499 0
e 492 493 1
e 492 496 0
e 492 498 0
e 492 499 0
e 492 500 0
e 492 503 0
e 493 493 2
e 493 494 1
e 493 495 2
e 493 496 1
e 493 497 1
e 493 504 0
e 493 498 1
e 493 499 2
e 493 500 1
e 493 501 0
e 493 502 0
e 493 503 1
e 494 494 2
e 494 495 0
e 494 496 0
e 494 497 0
e 494 498 0
e 494 499 0
e 494 500 0
e 494 501 0
e 494 503 0
e 495 495 1
e 495 497 0
e 495 498 0
e 495 499 0
e 495 500 0
e 495 502 1
e 495 503 0
e 496 497 0
e 496 498 0
e 496 499 1
e 496 500 0
e 496 503 0
e 497 498 0
e 497 499 0
e 497 500 0
e 497 503 0
e 498 499 1
e 498 500 1
e 498 501 0
e 498 503 0
e 499 499 1
e 499 500 1
e 499 501 0
e 499 502 0
e 499 503 1
e 500 500 2
e 500 501 0
e 500 502 0
e 500 503 0
e 501 501 0
e 501 503 0
e 502 503 0
e 503 503 0

t # 33
v 505 3
v 506 4
v 507 5
v 508 6
v 509 7
v 510 8
v 511 9
v 512 10
v 513 11
v 514 12
v 515 13
v 516 14
v 517 15
v 518 16
v 519 17
v 520 18
v 521 19
e 505 505 1
e 505 507 0
e 505 508 0
e 505 509 2
e 505 511 1
e 505 512 1
e 505 516 0
e 505 518 0
e 505 520 0
e 505 521 0
e 506 506 0
e 507 509 0
e 508 509 0
e 508 515 0
e 508 516 0
e 508 521 0
e 509 509 2
e 509 510 1
e 509 511 2
e 509 512 1
e 509 513 1
e 509 514 0
e 509 515 1
e 509 516 2
e 509 518 1
e 509 519 0
e 509 520 0
e 509 521 1
e 510 510 2
e 510 511 0
e 510 513 0
e 510 514 0
e 510 515 0
e 510 516 1
e 510 518 0
e 511 511 2
e 511 512 0
e 511 513 0
e 511 515 0
e 511 516 1
e 511 518 1
e 511 520 1
e 512 515 0
e 512 516 0
e 512 518 0
e 512 520 0
e 513 515 0
e 513 516 0
e 513 518 0
e 513 521 0
e 514 516 0
e 515 515 0
e 515 516 1
e 515 518 0
e 515 520 0
e 515 521 0
e 516 516 0
e 516 518 1
e 516 519 0
e 516 520 0
e 516 521 0
e 517 519 0
e 518 518 1
e 518 520 1
e 518 521 1
e 519 519 1
e 520 520 0
e 521 521 0

t # 34
v 522 3
v 523 5
v 524 6
v 525 7
v 526 8
v 527 9
v 528 10
v 529 11
v 530 13
v 531 14
v 532 16
v 533 17
v 534 18
v 535 19
e 522 522 1
e 522 523 0
e 522 524 0
e 522 525 2
e 522 526 0
e 522 527 0
e 522 528 0
e 522 530 0
e 522 531 1
e 522 532 0
e 522 533 0
e 522 534 0
e 522 535 0
e 523 524 0
e 523 525 0
e 523 526 0
e 523 527 0
e 523 528 0
e 523 530 0
e 523 531 0
e 523 533 0
e 523 534 0
e 524 524 0
e 524 525 1
e 524 526 0
e 524 527 0
e 524 528 0
e 524 530 0
e 524 531 0
e 524 532 0
e 524 533 0
e 524 534 0
e 524 535 0
e 525 525 2
e 525 526 1
e 525 527 2
e 525 528 0
e 525 529 0
e 525 530 1
e 525 531 2
e 525 532 0
e 525 533 0
e 525 534 1
e 525 535 0
e 526 526 1
e 526 527 0
e 526 528 0
e 526 530 0
e 526 531 1
e 526 532 0
e 526 533 0
e 526 534 0
e 526 535 0
e 527 527 1
e 527 528 0
e 527 530 0
e 527 531 1
e 527 532 0
e 527 533 0
e 527 534 1
e 528 529 0
e 528 530 0
e 528 531 1
e 528 532 0
e 528 533 0
e 528 534 0
e 528 535 0
e 529 530 0
e 529 531 0
e 529 532 0
e 529 533 0
e 530 531 1
e 530 532 0
e 530 533 0
e 530 534 1
e 530 535 0
e 531 531 0
e 531 532 1
e 531 533 0
e 531 534 1
e 531 535 0
e 532 532 1
e 532 533 0
e 532 534 0
e 532 535 1
e 533 533 0
e 533 534 0
e 533 535 0
e 534 534 0
e 535 535 0

t # 35
v 536 1
v 537 3
v 538 5
v 539 6
v 540 7
v 541 8
v 542 9
v 543 10
v 544 11
v 545 12
v 546 13
v 547 14
v 548 16
v 549 17
v 550 18
v 551 19
e 536 540 0
e 536 542 0
e 536 546 0
e 536 547 0
e 536 548 0
e 537 537 0
e 537 539 0
e 537 540 2
e 537 542 0
e 537 543 0
e 537 544 0
e 537 546 0
e 537 547 0
e 537 548 0
e 537 549 0
e 537 550 0
e 537 551 0
e 538 538 0
e 538 540 0
e 538 541 0
e 538 547 0
e 538 548 0
e 539 540 0
e 539 544 0
e 540 540 2
e 540 541 1
e 540 542 1
e 540 543 0
e 540 544 0
e 540 546 1
e 540 547 1
e 540 548 1
e 540 549 0
e 540 550 1
e 540 551 1
e 541 541 1
e 541 542 0
e 541 545 0
e 541 546 0
e 541 547 1
e 541 548 0
e 541 550 0
e 541 551 0
e 542 542 2
e 542 545 0
e 542 546 0
e 542 547 1
e 542 548 0
e 542 550 1
e 542 551 0
e 543 547 0
e 544 545 0
e 545 546 0
e 545 547 0
e 545 550 0
e 546 547 0
e 546 548 0
e 546 549 0
e 546 550 0
e 546 551 0
e 547 547 0
e 547 548 1
e 547 550 1
e 547 551 0
e 548 548 1
e 548 549 0
e 548 550 0
e 548 551 1
e 549 549 0
e 549 550 0
e 549 551 0
e 550 550 0
e 550 551 0
e 551 551 0

t # 36
v 552 3
v 553 5
v 554 6
v 555 7
v 556 8
v 557 9
v 558 10
v 559 11
v 560 12
v 561 13
v 562 14
v 563 16
v 564 17
v 565 18
v 566 19
e 552 552 1
e 552 554 0
e 552 555 1
e 552 557 0
e 552 558 0
e 552 561 0
e 552 562 1
e 552 563 0
e 552 566 0
e 553 555 0
e 553 556 0
e 553 562 0
e 553 564 0
e 554 555 0
e 554 556 0
e 554 557 0
e 554 559 0
e 554 560 0
e 554 561 0
e 554 562 0
e 554 563 0
e 554 566 0
e 555 555 2
e 555 556 1
e 555 557 1
e 555 558 0
e 555 561 1
e 555 562 1
e 555 563 0
e 555 564 0
e 555 565 0
e 555 566 0
e 556 556 2
e 556 557 0
e 556 559 0
e 556 560 0
e 556 561 0
e 556 562 1
e 556 564 0
e 556 566 0
e 557 557 2
e 557 559 0
e 557 560 0
e 557 561 0
e 557 562 1
e 557 563 0
e 557 565 0
e 558 561 0
e 559 560 0
e 559 561 0
e 559 562 0
e 559 563 0
e 560 562 0
e 560 563 0
e 561 562 0
e 561 563 0
e 561 566 0
e 562 562 0
e 562 563 0
e 562 564 0
e 562 565 1
e 562 566 0
e 563 563 1
e 563 564 0
e 563 566 0
e 564 564 0
e 564 566 0
e 565 565 0
e 566 566 0

t # 37
v 567 3
v 568 5
v 569 6
v 570 7
v 571 8
v 572 9
v 573 10
v 574 11
v 575 12
v 576 13
v 577 14
v 578 16
v 579 17
v 580 18
v 581 19
e 567 567 0
e 567 568 0
e 567 569 0
e 567 570 2
e 567 571 0
e 567 572 0
e 567 573 1
e 567 574 0
e 567 576 1
e 567 577 1
e 567 578 1
e 567 579 0
e 567 580 0
e 567 581 0
e 568 568 0
e 568 569 0
e 568 570 0
e 568 571 0
e 568 572 0
e 568 573 0
e 568 576 0
e 568 577 0
e 568 579 0
e 568 580 0
e 569 570 1
e 569 571 0
e 569 572 0
e 569 573 0
e 569 576 1
e 569 577 0
e 569 578 0
e 569 579 0
e 569 580 0
e 570 570 2
e 570 571 1
e 570 572 2
e 570 573 1
e 570 574 0
e 570 575 0
e 570 576 1
e 570 577 1
e 570 578 1
e 570 579 0
e 570 580 1
e 570 581 1
e 571 571 2
e 571 572 0
e 571 573 0
e 571 574 0
e 571 575 0
e 571 576 0
e 571 577 1
e 571 579 0
e 571 580 0
e 572 572 1
e 572 573 1
e 572 576 0
e 572 577 1
e 572 578 0
e 572 579 0
e 572 580 1
e 572 581 0
e 573 574 0
e 573 576 1
e 573 577 1
e 573 578 0
e 573 579 0
e 573 580 0
e 573 581 0
e 574 575 0
e 574 576 0
e 574 577 0
e 574 578 0
e 574 579 0
e 575 577 0
e 576 577 1
e 576 578 0
e 576 579 0
e 576 580 0
e 576 581 0
e 577 577 1
e 577 578 1
e 577 579 0
e 577 580 1
e 577 581 0
e 578 578 0
e 578 579 0
e 578 580 0
e 578 581 1
e 579 579 0
e 579 580 0
e 580 581 0
e 581 581 0

t # 38
v 582 3
v 583 5
v 584 6
v 585 7
v 586 8
v 587 9
v 588 10
v 589 11
v 590 12
v 591 13
v 592 14
v 593 16
v 594 17
v 595 18
v 596 19
e 582 582 0
e 582 583 0
e 582 585 2
e 582 586 0
e 582 587 0
e 582 588 0
e 582 590 0
e 582 591 1
e 582 592 1
e 582 593 0
e 582 595 0
e 583 585 0
e 584 585 0
e 584 586 0
e 585 585 2
e 585 586 1
e 585 587 1
e 585 588 0
e 585 590 0
e 585 591 1
e 585 592 1
e 585 593 1
e 585 594 0
e 585 595 0
e 585 596 0
e 586 586 2
e 586 587 0
e 586 592 0
e 586 596 0
e 587 587 2
e 587 588 0
e 587 591 0
e 587 592 1
e 587 593 1
e 587 594 0
e 587 595 1
e 587 596 0
e 588 591 0
e 588 592 0
e 588 593 0
e 588 594 0
e 588 595 0
e 589 591 0
e 589 592 0
e 589 593 0
e 590 591 0
e 590 592 0
e 590 595 0
e 591 592 1
e 591 593 1
e 591 594 0
e 591 595 0
e 592 592 0
e 592 593 0
e 592 594 0
e 592 595 1
e 592 596 0
e 593 593 1
e 593 594 1
e 593 595 0
e 593 596 0
e 594 594 0
e 594 595 0
e 594 596 1
e 595 595 0
e 595 596 0
e 596 596 0

t # 39
v 597 1
v 598 3
v 599 5
v 600 6
v 601 7
v 602 8
v 603 9
v 604 10
v 605 11
v 606 12
v 607 13
v 608 14
v 609 16
v 610 17
v 611 18
v 612 19
e 597 603 0
e 598 598 0
e 598 599 0
e 598 600 0
e 598 601 1
e 598 603 0
e 598 604 0
e 598 607 0
e 598 608 1
e 598 612 0
e 599 600 0
e 599 601 0
e 599 608 0
e 600 601 0
e 600 603 0
e 600 607 0
e 600 608 0
e 601 601 2
e 601 602 0
e 601 603 1
e 601 604 0
e 601 605 0
e 601 607 1
e 601 608 1
e 601 609 0
e 601 610 1
e 601 611 0
e 601 612 0
e 602 602 1
e 602 603 0
e 602 604 0
e 602 608 0
e 602 609 0
e 603 603 1
e 603 606 0
e 603 607 0
e 603 608 1
e 603 609 1
e 603 611 1
e 604 605 0
e 604 607 0
e 604 608 0
e 604 609 0
e 605 607 0
e 605 608 0
e 606 607 0
e 606 608 0
e 607 608 1
e 607 609 0
e 607 610 0
e 607 612 0
e 608 608 1
e 608 609 0
e 608 610 0
e 608 611 0
e 608 612 0
e 609 609 1
e 609 610 1
e 609 611 0
e 609 612 1
e 610 611 0
e 610 612 0
e 611 611 0
e 611 612 0
e 612 612 0

t # 40
v 613 3
v 614 5
v 615 6
v 616 7
v 617 8
v 618 9
v 619 10
v 620 11
v 621 12
v 622 13
v 623 14
v 624 16
v 625 17
v 626 18
v 627 19
e 613 613 1
e 613 615 0
e 613 616 2
e 613 617 0
e 613 618 0
e 613 619 0
e 613 622 0
e 613 623 0
e 613 624 0
e 613 625 0
e 613 626 0
e 614 616 0
e 614 617 0
e 615 616 1
e 615 617 0
e 615 618 0
e 615 619 0
e 615 620 0
e 615 621 0
e 615 622 0
e 615 623 0
e 615 624 0
e 615 626 0
e 616 616 2
e 616 617 1
e 616 618 2
e 616 619 0
e 616 620 0
e 616 621 0
e 616 622 1
e 616 623 1
e 616 624 1
e 616 625 0
e 616 626 1
e 616 627 0
e 617 617 1
e 617 618 0
e 617 619 0
e 617 620 0
e 617 622 1
e 617 623 0
e 617 624 0
e 617 626 0
e 618 618 2
e 618 619 0
e 618 621 0
e 618 622 0
e 618 623 1
e 618 624 1
e 618 625 0
e 618 626 1
e 618 627 0
e 619 620 0
e 619 622 0
e 619 623 0
e 619 624 0
e 619 626 0
e 620 621 0
e 620 622 0
e 620 623 0
e 620 624 0
e 621 623 0
e 621 624 0
e 621 626 0
e 622 623 1
e 622 624 1
e 622 625 0
e 622 626 0
e 622 627 0
e 623 623 1
e 623 624 1
e 623 625 0
e 623 626 1
e 623 627 0
e 624 624 2
e 624 625 0
e 624 626 1
e 624 627 1
e 625 625 0
e 625 626 0
e 626 626 0
e 626 627 0
e 627 627 1

t # 41
v 628 3
v 629 5
v 630 6
v 631 7
v 632 8
v 633 9
v 634 10
v 635 11
v 636 12
v 637 13
v 638 14
v 639 16
v 640 17
v 641 18
v 642 19
e 628 628 1
e 628 630 0
e 628 631 2
e 628 632 0
e 628 633 0
e 628 634 0
e 628 635 0
e 628 637 0
e 628 638 1
e 628 639 0
e 628 641 0
e 628 642 0
e 629 629 0
e 629 630 0
e 629 631 0
e 629 632 0
e 629 637 0
e 630 631 0
e 630 632 0
e 630 637 0
e 630 638 0
e 630 642 0
e 631 631 2
e 631 632 1
e 631 633 2
e 631 634 0
e 631 635 0
e 631 636 0
e 631 637 1
e 631 638 1
e 631 639 1
e 631 641 1
e 631 642 0
e 632 632 1
e 632 633 0
e 632 636 0
e 632 637 0
e 632 638 0
e 632 641 0
e 633 633 2
e 633 636 0
e 633 637 0
e 633 638 1
e 633 639 1
e 633 641 1
e 633 642 0
e 634 635 0
e 634 636 0
e 634 637 1
e 634 638 0
e 634 639 0
e 634 642 0
e 635 636 0
e 635 637 0
e 635 638 0
e 635 639 0
e 635 640 0
e 635 642 0
e 636 636 0
e 636 637 0
e 636 638 0
e 636 639 0
e 636 640 0
e 636 641 0
e 637 638 0
e 637 639 0
e 637 641 0
e 637 642 0
e 638 638 1
e 638 639 0
e 638 640 0
e 638 641 1
e 638 642 0
e 639 639 1
e 639 640 0
e 639 641 1
e 639 642 1
e 640 640 0
e 641 641 0
e 641 642 0
e 642 642 0

t # 42
v 643 1
v 644 3
v 645 5
v 646 6
v 647 7
v 648 8
v 649 9
v 650 10
v 651 11
v 652 12
v 653 13
v 654 14
v 655 16
v 656 17
v 657 18
v 658 19
e 643 649 0
e 643 654 0
e 644 644 1
e 644 646 1
e 644 647 2
e 644 648 0
e 644 649 1
e 644 650 0
e 644 651 0
e 644 653 1
e 644 654 1
e 644 655 0
e 644 658 0
e 645 647 0
e 645 648 0
e 646 647 1
e 646 649 0
e 646 650 0
e 646 651 0
e 646 652 0
e 646 653 0
e 646 654 1
e 646 655 0
e 646 658 0
e 647 647 2
e 647 648 2
e 647 649 2
e 647 650 0
e 647 651 1
e 647 652 0
e 647 653 1
e 647 654 2
e 647 655 0
e 647 656 0
e 647 657 0
e 647 658 0
e 648 648 1
e 648 649 1
e 648 650 0
e 648 651 0
e 648 652 0
e 648 653 0
e 648 654 1
e 648 656 0
e 648 657 0
e 649 649 2
e 649 650 0
e 649 653 0
e 649 654 1
e 649 655 0
e 649 656 0
e 649 657 1
e 649 658 0
e 650 651 0
e 650 653 0
e 650 654 1
e 650 655 0
e 650 656 0
e 650 658 0
e 651 653 0
e 651 654 0
e 651 655 0
e 651 656 0
e 652 654 0
e 653 654 1
e 653 655 0
e 653 657 0
e 653 658 0
e 654 654 1
e 654 655 0
e 654 656 0
e 654 657 0
e 654 658 0
e 655 655 2
e 655 656 0
e 655 657 0
e 655 658 0
e 656 656 0
e 657 657 0

t # 43
v 659 3
v 660 5
v 661 6
v 662 7
v 663 8
v 664 9
v 665 10
v 666 11
v 667 12
v 668 13
v 669 14
v 670 15
v 671 16
v 672 17
v 673 18
v 674 19
e 659 659 1
e 659 661 0
e 659 662 2
e 659 663 0
e 659 664 0
e 659 666 0
e 659 668 0
e 659 669 1
e 659 671 0
e 659 672 0
e 660 662 0
e 660 663 0
e 661 668 0
e 661 669 0
e 662 662 2
e 662 663 1
e 662 664 2
e 662 665 0
e 662 666 0
e 662 668 1
e 662 669 2
e 662 671 0
e 662 672 1
e 662 673 0
e 662 674 0
e 663 663 1
e 663 664 1
e 663 666 0
e 663 667 0
e 663 668 1
e 663 669 1
e 663 671 0
e 663 672 0
e 663 673 0
e 663 674 0
e 664 664 2
e 664 665 0
e 664 666 0
e 664 667 0
e 664 668 0
e 664 669 1
e 664 671 0
e 664 673 1
e 664 674 0
e 665 668 0
e 665 669 0
e 665 671 0
e 665 673 0
e 666 668 0
e 666 669 0
e 666 671 0
e 666 672 0
e 667 668 0
e 667 669 0
e 667 674 0
e 668 669 0
e 668 671 0
e 668 672 0
e 668 673 0
e 669 669 1
e 669 671 1
e 669 672 0
e 669 673 1
e 669 674 0
e 670 671 0
e 670 672 0
e 671 671 2
e 671 672 1
e 671 673 0
e 671 674 1
e 672 672 0
e 672 673 0
e 672 674 0
e 673 674 0

t # 44
v 675 3
v 676 5
v 677 6
v 678 7
v 679 8
v 680 9
v 681 10
v 682 11
v 683 12
v 684 13
v 685 14
v 686 16
v 687 17
v 688 18
v 689 19
e 675 675 1
e 675 676 0
e 675 677 1
e 675 678 2
e 675 679 0
e 675 680 0
e 675 681 0
e 675 682 0
e 675 683 0
e 675 684 1
e 675 685 1
e 675 686 0
e 675 688 0
e 675 689 0
e 676 676 0
e 676 678 0
e 676 684 0
e 676 685 0
e 677 678 0
e 677 679 0
e 677 681 0
e 677 683 0
e 677 684 0
e 677 685 0
e 677 686 0
e 677 689 0
e 678 678 2
e 678 679 1
e 678 680 2
e 678 681 0
e 678 682 0
e 678 683 0
e 678 684 1
e 678 685 2
e 678 686 1
e 678 687 0
e 678 688 1
e 678 689 1
e 679 679 1
e 679 680 0
e 679 682 0
e 679 684 0
e 679 685 0
e 679 686 0
e 679 687 0
e 679 689 0
e 680 680 2
e 680 682 0
e 680 683 0
e 680 684 1
e 680 685 1
e 680 686 1
e 680 688 1
e 680 689 0
e 681 684 0
e 681 685 0
e 681 686 0
e 681 688 0
e 681 689 0
e 682 684 0
e 682 685 0
e 682 687 0
e 683 684 0
e 683 685 0
e 683 686 0
e 683 688 0
e 683 689 0
e 684 685 1
e 684 686 1
e 684 687 0
e 684 688 0
e 684 689 0
e 685 685 1
e 685 686 1
e 685 687 0
e 685 688 1
e 685 689 0
e 686 686 1
e 686 687 0
e 686 688 0
e 686 689 1
e 687 687 1
e 687 689 0
e 688 688 0
e 688 689 0

t # 45
v 690 1
v 691 2
v 692 3
v 693 5
v 694 6
v 695 7
v 696 8
v 697 9
v 698 10
v 699 11
v 700 12
v 701 13
v 702 14
v 703 16
v 704 17
v 705 18
v 706 19
e 690 692 0
e 690 695 0
e 690 697 0
e 690 701 0
e 690 702 0
e 691 692 0
e 691 693 0
e 691 694 0
e 691 695 0
e 691 701 0
e 691 702 0
e 692 692 1
e 692 693 0
e 692 694 1
e 692 695 2
e 692 696 0
e 692 697 0
e 692 698 0
e 692 699 0
e 692 700 0
e 692 701 1
e 692 702 1
e 692 703 0
e 692 704 0
e 692 706 0
e 693 694 0
e 693 695 0
e 693 696 0
e 693 701 0
e 693 702 0
e 694 695 0
e 694 696 0
e 694 699 0
e 694 700 0
e 694 701 0
e 694 702 0
e 694 703 0
e 694 704 0
e 694 706 0
e 695 695 2
e 695 696 1
e 695 697 2
e 695 698 0
e 695 699 0
e 695 701 1
e 695 702 2
e 695 703 1
e 695 704 0
e 695 705 1
e 695 706 0
e 696 696 1
e 696 697 0
e 696 698 0
e 696 699 0
e 696 700 0
e 696 701 1
e 696 702 1
e 696 703 0
e 696 704 0
e 696 706 0
e 697 697 2
e 697 698 0
e 697 699 0
e 697 700 0
e 697 702 1
e 697 703 0
e 697 705 1
e 698 700 0
e 698 701 0
e 698 702 0
e 698 703 0
e 698 705 0
e 699 700 0
e 699 701 0
e 699 702 0
e 699 703 0
e 699 704 0
e 699 706 0
e 700 701 0
e 700 702 0
e 700 703 0
e 700 704 0
e 701 702 1
e 701 703 1
e 701 704 0
e 701 705 0
e 701 706 0
e 702 702 1
e 702 703 1
e 702 704 0
e 702 705 1
e 703 703 2
e 703 704 1
e 703 705 1
e 703 706 1
e 704 704 0
e 704 706 0
e 705 705 0
e 705 706 0
e 706 706 0

t # 46
v 707 1
v 708 3
v 709 5
v 710 6
v 711 7
v 712 8
v 713 9
v 714 10
v 715 11
v 716 12
v 717 13
v 718 14
v 719 16
v 720 17
v 721 18
v 722 19
e 707 708 0
e 707 711 0
e 707 717 0
e 707 718 0
e 708 708 0
e 708 710 0
e 708 711 2
e 708 712 0
e 708 713 0
e 708 714 0
e 708 716 0
e 708 717 0
e 708 718 1
e 708 719 0
e 709 710 0
e 709 711 0
e 709 712 0
e 709 718 0
e 710 711 0
e 710 712 0
e 710 718 0
e 711 711 2
e 711 712 1
e 711 713 2
e 711 714 0
e 711 715 0
e 711 717 1
e 711 718 1
e 711 719 0
e 711 722 0
e 712 712 1
e 712 713 0
e 712 714 0
e 712 715 0
e 712 716 0
e 712 717 0
e 712 718 0
e 713 713 2
e 713 714 0
e 713 716 0
e 713 717 0
e 713 718 1
e 713 719 0
e 713 721 0
e 713 722 0
e 714 716 0
e 714 717 0
e 714 718 0
e 714 719 0
e 715 716 0
e 715 717 0
e 716 718 0
e 716 720 0
e 716 721 0
e 717 718 1
e 717 719 0
e 717 720 0
e 717 721 0
e 717 722 0
e 718 718 0
e 718 719 0
e 718 721 0
e 718 722 0
e 719 719 1
e 719 720 0
e 719 722 1
e 720 722 0
e 721 721 0
e 722 722 0

