T0
0 0 0 0 0 0 0 0 0 0
1 0 0 0 0 0 0 0 0 0
2 73941 1451 580 3252 9732 11642 3290 8344 1171
3 22812 0 0 0 0 0 0 0 0
4 32184 0 0 0 0 0 0 0 0
5 114060 98 0 100 2360 70 0 0 0
6 17653 24719 1810 13921 10884 2420 86134 8262 29610
7 91248 34111 0 1296 0 0 2658 7625 381
8 1147 7309 1025 969 652 1432 3048 12953 168
9 45624 276 0 0 0 0 0 4956 0
10 22812 70 0 0 0 0 0 592 0
11 0 0 0 0 4444 0 0 4856 0
12 63624 1129 0 0 698 0 28481 20 110
13 138132 1876 450 667 17623 4951 28279 976 275
14 0 0 0 0 0 0 0 0 0
15 37080 52349 3179 1829 21593 6564 85564 23539 5034
16 0 28475 0 0 0 0 0 0 0
17 360 410 280 0 0 0 0 1499 329
18 18000 39866 512 0 0 0 0 0 0
19 0 0 0 0 0 0 0 0 0
20 0 0 0 0 0 0 0 0 0
T1
0 0 0 0 0 0 0 0 0 0
1 0 0 0 0 0 0 0 0 0
2 38289 720 370 3318 1137 210 45035 2562 0
3 0 0 0 0 0 0 0 0 0
4 0 0 0 0 0 0 594 0 1000
5 3425 1840 0 1188 0 0 66 0 500
6 89128 27437 3462 8693 28337 340 10741 11878 4036
7 8420 5021 0 2473 258 1950 5592 25062 1000
8 884 12356 1036 9975 15879 457 5390 2839 304
9 4210 0 200 788 0 0 0 0 0
10 0 0 0 0 0 0 5600 0 0
11 1012 7086 0 0 170 0 0 0 0
12 4210 2077 870 788 938 0 11235 3500 0
13 15 7565 300 1110 614 0 464 444 1300
14 0 0 0 0 0 0 0 0 0
15 5881 22216 3406 4025 8390 2742 26539 12992 300
16 0 1290 0 0 347 0 0 0 300
17 456 1121 666 0 505 0 200 0 0
18 6334 5 240 14688 970 0 332 1100 600
19 0 497 0 0 0 0 0 0 0
20 0 0 0 0 0 0 0 0 0
T2
0 0 0 0 0 0 0 0 0 0
1 0 0 0 0 0 0 0 0 0
2 44681 286 2565 3542 40094 129 5375 11308 479
3 0 0 0 0 0 0 0 0 0
4 0 0 0 0 0 0 0 0 0
5 1098 100 0 20 5584 0 0 3832 0
6 22476 27839 7558 22940 43186 4587 34138 48518 9689
7 1278 10225 0 3620 4887 60 8389 11278 55
8 549 9787 888 1310 1012 300 37775 10152 2352
9 0 0 0 148 144 0 0 1892 0
10 648 0 0 0 0 0 20 0 500
11 0 0 0 0 0 0 0 0 0
12 0 450 0 1934 2238 0 136 2544 610
13 350 0 200 148 3412 0 7992 2006 775
14 0 0 0 0 0 0 0 0 0
15 2050 5706 646 11802 1961 1950 56811 4033 5012
16 0 1218514 3200 0 0 0 17734 0 0
17 0 786 0 0 0 0 20 1441 840
18 0 0 0 1409 674 0 200 1767 1360
19 0 0 0 0 0 0 0 0 0
20 0 0 0 0 0 0 0 0 0
T3
0 0 0 0 0 0 41 0 0 0
1 0 0 0 0 0 0 0 0 0
2 852 3202 568 21558 3006 80 2674 587 2983
3 0 0 0 0 0 0 0 0 0
4 0 0 0 0 0 0 0 0 0
5 280 16642 0 134 440 0 1191 0 0
6 17537 225895 420 17959 22047 1961 625461 13846 4557
7 11902 12551 700 32252 900 680 8123 960 284
8 288 88810 1412 2697 2076 279 1483 1020 803
9 0 210 0 0 0 0 0 0 0
10 0 400 0 10750 0 0 0 0 0
11 0 3323 0 0 0 0 1191 0 0
12 0 18474 0 67 0 0 23497 0 0
13 0 28758 700 668 1765 41 15904 152 142
14 0 0 0 0 0 0 0 0 0
15 430 25845 1400 58570 8354 837 560 2450 0
16 0 516 0 10790 0 25 0 0 0
17 0 601 2100 0 2400 0 1191 0 50
18 1589 25341 0 0 470 0 820 0 0
19 0 0 0 0 0 0 0 0 0
20 0 0 0 0 0 0 0 0 0
T4
0 0 450 0 400 0 0 0 0 0
1 0 0 0 0 0 0 0 0 0
2 2058 2281 11296 545 22891 10251 55766 13029 3960
3 0 0 3336 0 0 0 0 0 0
4 0 0 0 360 0 0 0 0 720
5 0 190 0 0 1133 0 305 248 360
6 2728 17618 35648 5288 41852 7534 51548 32206 9781
7 0 6419 452 3630 0 0 3830 10545 360
8 717 5070 12921 1531 2932 150 3596 16581 240
9 0 1777 0 0 0 0 15600 51 0
10 0 0 11000 0 0 0 5979 0 0
11 0 984 0 0 0 0 2680 0 0
12 0 1770 22270 0 313 0 43930 204 0
13 0 791 1668 742 11297 64 4184 237 849
14 0 0 0 0 0 0 0 0 0
15 2448 13806 1575 3472 188376 327 32110 4871 0
16 0 2194 1126 0 0 120 35198 0 0
17 408 300 6000 0 0 0 5092 0 0
18 100 180 0 800 888 1041 5135 96 0
19 0 0 0 0 0 0 0 0 0
20 0 0 0 0 0 0 0 0 0
T5
0 0 0 0 0 0 0 0 0 0
1 0 0 0 0 0 0 0 0 0
2 35074 1887 1373 1224 7343 768 7887 3335 212
3 0 0 0 0 0 0 0 0 0
4 0 0 0 0 0 0 0 553 0
5 1593 80 256 5183 0 0 304 0 0
6 10659 29015 10065 7772 57592 8779 179233 29207 3010
7 2845 4496 0 0 1027 0 6866 29560 383
8 1061 28252 0 16636 23999 160 32367 1709 80
9 0 3399 272 0 387 0 371 0 0
10 0 1881 12291 5183 6920 5916 19444 14780 0
11 5400 0 0 5183 7068 0 0 0 0
12 424 5963 0 0 1176 302 39088 110 0
13 7074 14570 87 10366 16933 0 5397 1572 36
14 0 0 0 0 0 0 0 0 0
15 19896 73430 10 47912 6370 654 11806 56710 7616
16 0 21033 258191 0 0 112404 0 0 0
17 0 400 0 100 298 0 4410 66062 0
18 0 394 0 15 950 1283 524 0 0
19 0 0 0 0 0 0 0 0 0
20 0 0 0 0 0 0 0 0 0
T6
0 0 0 0 0 0 0 0 12 0
1 0 0 0 0 0 0 0 0 0
2 16028 1659 1433 4519 2558 325 1615 3946 229
3 0 24 0 0 0 0 0 0 0
4 0 0 0 0 21 0 0 0 0
5 1713 80 0 0 560 0 0 30 30
6 18313 19336 4196 13741 12469 10503 469462 33372 7982
7 3374 26736 140 20 33190 4175 0 1470 0
8 1857 13255 4525 4460 297 1308 11983 42380 1415
9 60 864 0 0 376 0 4710 60 0
10 0 782 0 0 0 0 0 0 0
11 0 12 0 0 10050 0 0 0 0
12 0 1123 0 1386 2452 0 45570 114 0
13 3993 3581 1325 120 427 930 1625 19335 45
14 0 0 0 0 0 0 0 0 0
15 4208 16782 1395 615 10443 0 40830 17120 1209
16 0 1499 680 0 0 0 0 6054 0
17 44856 1904 270 0 355 0 10115 435 0
18 0 7611 0 2772 1772 0 0 4214 0
19 0 0 0 0 0 0 0 0 0
20 0 0 0 0 0 0 0 0 0
T7
0 0 0 0 80 0 0 10 0 0
1 0 0 0 0 0 0 0 0 0
2 13476 2439 1257 3549 3602 200 7096 9337 811
3 0 0 0 0 0 0 0 0 0
4 0 0 0 0 0 0 14400 0 200
5 24000 98 0 2867 0 0 0 228 600
6 58808 11888 12519 22048 17581 200 79455 32081 6929
7 17436 15709 271 490 1948 0 30544 56 9097
8 709 75034 1335 537 310 120 12617 3923 2355
9 0 410 94 160 64 0 16320 1570 0
10 0 0 0 0 0 0 0 0 0
11 0 4830 0 0 0 0 14400 0 9437
12 0 1639 0 440 294 0 24772 379 8781
13 24000 39787 1500 1028 1790 140 4807 6121 1760
14 0 0 300 0 0 0 0 0 0
15 900 55867 3956 37238 5240 880 30081 745 0
16 0 10814 2058 0 0 1100 44547 56 411
17 300 54294 1200 0 0 0 867 10739 329
18 0 11148 394 5121 64 200 9222 1535 329
19 0 0 0 0 0 0 0 0 0
20 0 0 0 0 0 0 0 0 0
T8
0 0 0 0 0 0 0 0 0 0
1 0 0 0 0 0 0 0 0 0
2 20310 4061 1286 940 9532 510 3646 18804 1007
3 0 0 0 0 0 0 0 0 0
4 0 0 0 0 695 0 0 0 0
5 4700 283 54 60 0 0 0 276 0
6 46432 47897 8100 13194 23526 3204 27645 39393 2656
7 0 6614 1214 56382 1980 5436 3097 7253 0
8 843 5025 2515 13457 1359 892 5968 30066 1168
9 0 28 0 0 0 0 1455 18572 0
10 0 688 70 0 45 0 3472 6196 0
11 0 0 0 0 0 0 0 1310 0
12 4301 4624 139 2211 485 0 510 6236 0
13 1594 798 2287 6988 4895 2400 13763 77991 420
14 0 0 0 0 0 0 0 0 0
15 0 30517 1229 400 942 132 44558 46831 720
16 0 4958 0 0 45 0 0 4279 0
17 0 10156 1159 8573 150 0 2276 6600 0
18 32 4096 136 26 160 132 1631 6558 0
19 0 0 0 0 0 0 0 0 0
20 0 0 0 0 0 0 0 0 0
T9
0 0 0 0 0 0 0 500 0 0
1 0 0 0 0 0 0 0 0 0
2 70074 6959 635 1402 6952 3967 32320 173553 3020
3 22812 0 0 0 6628 0 0 0 0
4 22812 0 0 0 0 0 580 620 0
5 114060 0 163 0 1964 0 680 1159 0
6 6964 39706 3461 8980 8974 1312 123857 31696 3183
7 91901 8721 0 1500 300 0 9813 700 0
8 410 36949 768 3761 3203 324 13660 15083 1710
9 45624 0 800 180 0 0 3521 204 0
10 22812 0 0 0 0 0 8195 68 0
11 0 46 0 0 0 0 0 490 0
12 45624 9336 163 0 2946 0 10998 164825 50
13 136872 65178 326 860 2993 0 23834 28177 230
14 0 0 0 0 0 0 0 0 0
15 13995 47967 3174 47 80865 0 11200 100 0
16 50 686696 922 0 644 483 667 96 0
17 80 70887 30 0 1029 0 2106 3100 0
18 0 37228 3561 176 1662 0 6420 9458 0
19 0 0 0 0 0 0 0 0 0
20 0 0 0 0 0 0 0 0 0
T10
0 0 0 0 0 0 0 0 0 0
1 0 0 0 0 0 0 0 0 0
2 353708 1256 640 3484 20318 8552 6623 7951 938
3 0 0 0 0 0 0 0 0 0
4 0 0 0 0 0 0 0 0 0
5 89222 0 150 0 0 0 0 225 0
6 171622 9280 556 5475 27501 5114 20540 7775 9987
7 142476 35901 0 500 40 0 25 3359 160
8 0 43388 588 180 2487 783 24326 23907 161
9 0 0 0 2282 0 0 0 13436 0
10 35719 0 0 2282 0 0 0 3359 0
11 9292 31381 0 0 4144 0 0 0 0
12 105957 31381 0 2282 831 70 69 4616 0
13 106357 96238 408 547 480 0 4909 42576 80
14 0 0 0 0 0 0 0 0 0
15 6257 20961 2808 0 123 4436 63290 30178 250
16 0 2119 0 0 0 70 0 0 0
17 0 5300 0 0 0 132 8966 24920 1871
18 0 1400 0 0 30 3240 494 83468 0
19 0 0 0 0 0 0 0 0 0
20 0 0 0 0 0 0 0 0 0
T11
0 0 0 0 0 0 0 0 0 0
1 0 0 0 0 0 0 0 0 0
2 7072 5114 1332 40 3192 20 790 2092 0
3 0 0 0 0 0 0 0 0 0
4 8000 0 0 0 357 274 0 0 0
5 0 0 0 0 0 0 0 140 0
6 21912 20524 4120 6707 25777 51887 17662 18079 4100
7 772 18924 0 8889 19619 0 4550 0 0
8 0 4710 9167 40127 4988 0 2696 10001 100
9 8000 250 0 0 2421 0 0 0 0
10 0 0 0 0 2421 0 0 0 0
11 8000 0 0 0 0 0 0 0 0
12 0 2563 200 0 4858 0 0 168 0
13 0 820 0 1717 1095 274 0 436 0
14 0 0 0 0 0 0 0 0 0
15 0 73945 378 2352 1201 480 19280 25763 600
16 0 13501 378 720 60 0 0 0 0
17 0 12229 8068 690 861 45 921 0 0
18 477 24238 800 720 1453 720 0 168 0
19 0 0 0 0 0 0 0 0 0
20 0 0 0 0 0 0 0 0 0
T12
0 0 0 0 0 0 0 0 0 0
1 0 0 0 0 0 0 0 0 0
2 34981 3380 2457 2868 9906 2508 2140 29398 1540
3 0 0 0 0 0 0 0 0 0
4 25291 0 0 350 0 0 0 0 0
5 2941 0 0 0 336 0 0 43472 0
6 16292 6182 540 4130 125443 8174 15985 11068 6574
7 3613 40003 7000 1440 288 0 2046 7810 0
8 710 103899 300 226 0 1281 12978 4787 1577
9 0 40 0 0 0 0 0 0 0
10 0 0 0 0 0 0 0 0 0
11 0 23246 0 0 0 0 0 0 0
12 1434 40 1855 0 0 0 23217 305 52
13 1434 74598 62 242 878 0 3319 3401 1592
14 0 0 0 0 0 0 0 0 0
15 956 1004 1257 0 590 400 2240 372 52
16 0 332 0 0 0 0 198 0 0
17 0 69969 120 0 590 489 21062 2459 0
18 710 2540 172 484 0 1200 1640 8207 95
19 0 0 0 0 0 0 0 0 0
20 0 0 0 0 0 0 0 0 0
T13
0 0 0 0 0 0 0 0 0 0
1 246800 0 0 0 0 0 0 0 0
2 262459 1269 685 2885 4986 0 94074 4935 1576
3 0 0 0 0 0 0 0 0 0
4 0 10 0 0 221 0 0 1044 0
5 0 50 0 1395 0 0 0 217 0
6 5662 42166 4852 21611 9654 187 5064 17501 20148
7 2150 20168 896 4370 218 0 0 1044 0
8 4767 37230 372 23778 0 0 327 5470 0
9 0 0 0 0 0 0 1260 1200 2118
10 0 0 0 0 0 0 0 0 0
11 0 1542 0 0 0 0 0 0 0
12 0 335 0 1176 1085 0 89504 750 340
13 360 13506 685 1951 2074 0 49093 4950 0
14 0 0 0 0 0 0 44752 0 0
15 108014 9554 2232 1176 3177 0 17826 720 15185
16 0 4455 492 259 218 0 44752 0 0
17 2400 51788 0 0 0 0 2111 0 315
18 8745 19200 0 13594 0 0 0 0 0
19 0 0 0 0 0 0 0 0 0
20 0 0 0 0 0 0 0 0 0
T14
0 0 0 0 0 0 0 0 0 0
1 0 0 0 0 0 0 0 0 0
2 10348 0 968 5641 20109 0 1552 12600 1070
3 0 0 0 0 0 0 0 0 0
4 0 0 0 0 0 0 0 0 0
5 17760 0 15 0 0 0 237 200 0
6 6946 9609 13414 6305 10365 3900 33601 28067 1745
7 0 29767 482 501 207 0 6957 360 0
8 1860 45404 1487 911 0 1080 3996 5781 0
9 0 71 0 40 20 0 0 0 0
10 3182 0 0 40 0 0 0 0 0
11 0 225 0 0 0 0 0 0 0
12 0 876 0 20 40 0 17734 1748 0
13 0 160 15 1649 20 0 18767 9929 0
14 0 0 0 0 0 0 0 0 0
15 108 9716 1012 5259 60 636 12695 20977 190
16 25456 7355 0 0 207 0 355 4529 0
17 60 2862 0 1663 0 0 1100 0 0
18 0 1123 0 484 0 1454 0 15727 0
19 0 0 0 0 0 0 0 0 0
20 0 0 0 0 0 0 0 0 0
T15
0 0 0 0 0 0 253 0 0 0
1 0 0 0 0 0 0 0 0 0
2 1455 300 449 3930 4542 2516 2325 1311 1557
3 0 0 0 0 0 0 0 0 0
4 0 0 0 0 0 0 0 0 0
5 0 60 0 1062 488 506 0 144 0
6 1265 51412 16568 3754 219574 9311 12763 44855 5706
7 1100 29142 5866 0 0 0 123 5871 0
8 572 26107 3936 0 1688 0 1215 0 2415
9 0 1050 0 0 507 0 0 360 0
10 0 6165 0 0 507 0 329 0 360
11 0 13643 0 0 0 0 0 0 0
12 0 4542 0 440 507 0 329 0 0
13 0 17506 5866 311 28028 0 1042 1551 0
14 0 0 0 0 0 0 0 0 0
15 0 2772 4836 786 0 0 38009 860 0
16 0 1255 0 0 0 0 25080 0 0
17 0 647 10548 0 180 0 217 0 0
18 388 7736 0 40 470 516 42 60 0
19 0 0 0 0 0 0 0 0 0
20 0 0 0 0 0 0 0 0 0
T16
0 0 0 0 0 0 0 0 0 0
1 0 0 0 0 0 0 0 0 0
2 18954 135 1569 2159 18204 1875 2258 36456 785
3 0 0 0 0 0 0 0 0 0
4 0 0 0 0 0 0 0 34 0
5 648 100 341 0 110 0 192 7970 510
6 5622 5427 4366 2336 32833 2494 10076 64397 284835
7 119 98754 0 1680 175 0 25159 27214 7173
8 663 10429 300 3300 3045 0 24156 12512 0
9 0 1113 0 360 903 0 0 6188 0
10 648 0 0 0 0 0 0 0 0
11 0 7457 0 0 0 0 0 0 0
12 0 757 341 920 1960 0 69760 28858 450
13 5366 4587 341 360 180 0 3426 74170 450
14 0 0 0 0 0 0 0 0 0
15 6515 17785 500 3499 6000 1560 178 8876 710
16 0 31152 0 0 0 0 0 2720 0
17 0 36713 70 1100 597 0 178 47346 600
18 3687 96590 0 0 0 0 0 63666 720
19 0 0 0 0 0 0 0 0 0
20 0 0 0 0 0 0 0 0 0
T17
0 0 0 0 0 0 0 0 0 0
1 0 0 0 0 0 0 0 0 0
2 989803 164 0 0 2835 1463 34976 1665 506
3 0 0 0 0 0 0 0 0 0
4 0 537 0 0 160 0 0 0 0
5 0 537 0 0 0 0 0 0 0
6 337655 11822 86 141623 51858 2425 30961 18045 2896
7 0 5982 0 669 194 0 468 4370 0
8 1457 3417 1680 1189 648 0 5044 2498 424
9 0 805 86 584 0 0 0 0 0
10 319271 615 0 584 0 0 0 1665 0
11 0 0 0 0 0 0 0 0 0
12 360 1336 0 584 164 0 990 1045 150
13 594 726 0 584 3320 0 5284 2400 0
14 0 0 0 0 0 0 0 0 0
15 0 1556 990 1472 15733 0 26353 3649 1440
16 0 385 41580 0 0 0 37363 0 0
17 477 60 502 0 0 0 1036 400 0
18 234 0 0 3516 0 0 14596 73 150
19 0 0 0 0 0 0 0 0 0
20 0 0 0 0 0 0 0 0 0
T18
0 0 314 0 0 0 0 0 0 0
1 0 0 0 0 0 0 0 0 0
2 3340 768 3212 14053 27732 1778 18273 11795 0
3 0 0 0 0 0 0 0 0 0
4 0 0 1814 0 0 0 0 0 0
5 0 0 1500 0 1472 0 0 0 210
6 27840 10290 16136 1586 110020 21873 48196 17855 10674
7 390 8173 884 608 191605 822 12063 790 0
8 0 3719 2898 495 884 0 34356 40380 714
9 1898 0 782 0 3412 0 0 0 0
10 1898 0 0 0 0 0 389 0 0
11 0 0 0 0 0 0 11280 20880 3163
12 3796 0 1952 0 2930 0 7654 1020 3263
13 0 903 1104 6035 5769 822 46520 5924 1100
14 0 0 0 0 0 0 0 0 0
15 1576 2465 2843 160 253 0 2486 6108 13052
16 0 1232 0 0 0 0 0 257 100
17 0 1747 2800 2048 0 0 0 1391 0
18 0 0 1229 0 2672 210 11440 1161 0
19 0 0 0 0 0 0 0 0 0
20 0 0 0 0 0 0 0 0 0
T19
0 0 0 0 0 0 0 0 400 0
1 0 0 0 0 0 0 0 0 0
2 6028 804 11500 286 7222 53188 7902 23247 2276
3 0 0 0 0 0 0 0 0 0
4 0 0 0 0 0 0 0 0 0
5 245 0 0 0 350 0 3705 43472 1440
6 5058 11090 44958 275989 16033 129691 293280 13099 7674
7 966 27806 126 27738 0 10614 8064 0 720
8 1117 44116 13142 10059 450 0 6478 3163 90
9 3666 0 0 0 2928 1500 115 434 0
10 0 6509 11000 0 0 21097 3114 207 500
11 0 1560 0 0 0 0 0 0 0
12 594 3182 22000 0 1464 21397 3343 907 550
13 496 9221 240 4482 650 300 6203 75 550
14 0 0 0 0 0 0 0 0 0
15 0 65108 0 6036 4771 5148 4980 2583 2832
16 0 46447 0 3936 0 0 0 290 0
17 27209 5450 0 9534 0 0 300 450 100
18 0 17917 0 0 2585 0 1043 200 1720
19 0 0 0 0 0 0 0 0 0
20 0 0 0 0 0 0 0 0 0
T20
0 0 0 0 0 0 0 0 400 0
1 0 0 0 0 0 0 0 0 0
2 43218 374 570 2093 2832 0 7833 7716 2116
3 0 0 0 0 0 0 0 0 0
4 0 0 0 360 0 0 0 0 0
5 0 4320 30 677 11544 0 0 5565 55
6 60562 20225 52620 60656 47378 0 103932 48214 8768
7 12262 8730 0 1342 2066 0 2144 4698 455
8 0 2832 5380 1585 0 0 3907 35915 1000
9 0 1737 90 0 23088 0 0 248 400
10 0 40 2440 1342 3848 0 0 0 110
11 0 960 0 0 0 0 0 0 165
12 0 3447 0 13946 3848 0 7573 580 510
13 300 5291 0 1165 3848 0 3011 10342 1305
14 0 0 0 0 0 0 0 0 0
15 2885 13709 360 43254 4733 0 19745 5567 3597
16 626 3961 0 1250 0 0 21319 380 0
17 2136 1044 0 0 0 0 947 0 800
18 960 0 1080 3340 3979 0 8742 350 0
19 0 0 0 0 0 0 0 0 0
20 0 0 0 0 0 0 0 0 0
T21
0 0 0 0 0 0 0 0 0 0
1 0 0 0 0 0 0 0 0 0
2 17075 2303 1674 1244 7049 348 1263 8108 3968
3 0 0 0 0 0 0 0 0 0
4 79096 0 0 0 423 0 130 0 0
5 4174 0 0 0 83198 0 0 0 728
6 42838 75526 560 425 47500 766 17548 10645 12787
7 10717 11954 140857 0 128 0 64445 0 313
8 2560 39576 120 220 11910 0 2450 1999 0
9 0 0 0 0 0 0 0 10687 0
10 0 0 0 0 11795 0 0 1541 425
11 0 600 140857 0 0 0 0 0 0
12 11870 0 500 0 23630 0 0 4573 0
13 19869 5512 0 370 397 0 25848 10800 380
14 0 0 0 0 0 0 0 0 0
15 151 11241 0 16193 1834 2451 0 5030 0
16 45328 1149 0 0 917 0 0 0 876
17 95 2015 0 2941 0 0 850 1789 0
18 360 2098 710 390 917 0 0 310 575
19 0 0 0 0 0 0 0 0 0
20 0 0 0 0 0 0 0 0 0
T22
0 0 0 0 0 0 715 0 0 0
1 0 0 0 0 0 0 0 0 0
2 8016 0 1141 790 10400 2145 5812 11826 0
3 0 0 0 0 0 0 0 0 0
4 0 0 0 0 0 0 0 0 0
5 0 0 0 790 0 715 0 3300 0
6 25677 49090 9882 7626 39090 2190 282559 17842 734
7 4169 9851 1322 0 22846 180 46635 604614 0
8 0 52266 200 6858 4395 2820 106091 6789 0
9 0 0 0 0 0 0 0 0 0
10 0 0 1322 0 0 0 90486 0 0
11 0 24336 0 0 0 1056 0 0 0
12 0 10344 0 0 0 715 45243 4700 0
13 0 12295 0 1040 1200 1771 47657 93458 0
14 0 0 0 0 0 0 0 0 0
15 13797 1076 3710 100 4009 5700 86822 110019 0
16 0 0 0 544 0 0 422126 31805 0
17 0 794 0 0 3509 0 2350 0 0
18 12870 0 5653 0 1028 0 238 3649 81
19 0 0 0 0 0 0 0 0 0
20 0 0 0 0 0 0 0 0 0
T23
0 0 0 0 0 0 0 0 0 0
1 0 0 0 0 0 0 0 0 0
2 54049 105 15 0 5814 1023 6920 2285 0
3 0 0 0 0 0 0 0 0 0
4 0 0 0 0 0 0 0 180 0
5 185 16642 0 0 682 0 37920 584 0
6 21964 42884 1923 12279 318169 3808 38731 95545 7709
7 0 1792 0 1268 200 0 0 0 124
8 0 36674 0 1108 4405 2415 112 16588 0
9 0 1436 0 5072 1200 0 0 0 248
10 0 114 0 0 0 0 0 4726 252
11 0 12 0 0 0 0 0 0 0
12 2150 8931 0 0 200 0 6815 4726 508
13 2330 0 0 0 28763 400 0 976 736
14 0 0 0 0 0 0 0 0 0
15 5001 10765 2541 4446 1876 0 13647 0 0
16 0 12686 0 0 200 0 5410 234 23070
17 0 1020 0 554 1451 0 0 22000 0
18 0 180 0 0 200 0 1352 4847 632
19 0 0 0 0 0 0 0 0 0
20 0 0 0 0 0 0 0 0 0
T24
0 0 0 0 0 0 0 0 0 0
1 0 0 0 0 0 0 0 0 0
2 48629 4796 0 1232 1874 0 304 2258 0
3 0 0 0 0 0 0 0 0 0
4 0 0 0 0 0 0 609 0 0
5 0 0 0 0 0 0 0 1740 0
6 4152 13261 1558 12553 68733 3189 221214 44090 854
7 438 17806 120 0 73342 0 11391 253088 3434
8 710 35708 237 16618 240 0 3758 252800 1827
9 0 0 0 0 0 0 0 0 0
10 0 0 0 0 0 0 426 0 0
11 0 2767 0 0 0 0 426 214515 3434
12 0 4084 85 0 1149 0 20914 429030 3434
13 0 5044 0 0 152557 0 2000 643937 0
14 0 0 0 0 0 0 0 0 0
15 797 39528 39155 594 246 0 3008 52573 4999
16 0 2502 4266 0 0 0 0 0 0
17 355 1298 2384 0 652 0 1876 1533284 0
18 47 4716 85 205 0 0 0 0 1896
19 0 0 0 0 0 0 0 0 0
20 0 0 0 0 0 0 0 0 0
T25
0 0 0 0 0 0 0 0 0 0
1 0 0 0 0 0 0 0 0 0
2 3872 1035 0 3292 1000 264 3161 13081 177
3 0 0 0 0 0 0 0 0 0
4 0 0 0 0 0 0 0 0 95
5 0 0 0 0 0 0 583 360 0
6 8986 12421 16655 3145 7978 722 5506 35319 910
7 0 11028 0 0 0 1488 0 54271 0
8 0 31275 1737 2310 5872 3100 1784 9342 382
9 0 5121 0 0 0 0 365 0 0
10 0 0 0 0 0 0 365 0 0
11 0 430 0 0 0 0 0 0 0
12 700 17798 0 524 0 1444 1275 7871 0
13 700 2927 0 1780 3268 0 3985 2571 374
14 0 0 0 0 0 0 0 0 0
15 397 9067 2078 42040 135088 63108 84943 46352 10759
16 0 3423 5760 0 0 0 146 254 0
17 0 3013 0 0 0 0 2592 319 0
18 0 878 0 900 70 0 217 360 0
19 0 0 0 0 0 0 0 0 0
20 0 0 0 0 0 0 0 0 0
T26
0 0 0 0 0 0 0 0 0 0
1 246800 0 0 0 0 0 0 0 0
2 306616 282 444 2051 4214 17833 1501 72372 0
3 0 0 0 0 0 0 552 0 0
4 0 0 0 0 0 0 1047 380 0
5 1041 6216 0 0 0 520 0 0 0
6 68656 28549 3498 6664 74987 19745 44627 111591 23357
7 13870 45337 21860 32772 7989 11542 1516 6939 3155
8 2016 126967 294 90429 8060 12982 6000 11070 4585
9 0 652 0 0 0 0 0 0 2649
10 0 12966 0 0 600 0 500 0 0
11 0 40371 0 29797 0 0 0 0 0
12 820 35266 21860 0 200 0 397 6465 2760
13 820 106439 43720 29797 1758 0 5098 12835 2649
14 0 0 0 0 0 0 0 0 0
15 0 3504 12888 2074 36350 1101 2370 5795 744
16 0 95106 0 147152 218 0 1358 0 0
17 1012 61570 0 0 490 10783 4800 0 484
18 488 6274 444 595 0 2793 199 459 0
19 0 0 0 0 0 0 0 0 0
20 0 0 0 0 0 0 0 0 0
T27
0 0 0 0 0 0 0 0 0 0
1 0 0 0 0 0 0 0 0 0
2 14109 628 140 1444 14059 5430 35813 62182 0
3 0 0 0 0 0 0 0 0 0
4 0 0 0 0 90 0 0 0 0
5 0 0 0 0 750 600 446 0 0
6 5252 531803 3711 5055 32470 18700 141137 165921 4744
7 0 14312 5950 0 59420 1200 1600 1143 2500
8 1152 41398 1135 20336 569 0 3783 2604 959
9 0 9156 60 0 0 0 0 0 0
10 0 9812 0 0 0 0 20714 0 0
11 0 538 0 0 0 0 0 0 0
12 0 839 40 3480 0 1200 3224 10809 0
13 1423 22079 3830 6960 992 0 4855 450 0
14 0 0 0 0 0 0 0 0 0
15 4691 5263 40 1512 1194 2400 977 25324 7015
16 260 12136 42540 0 0 0 0 0 1259
17 902 1476 0 10440 0 0 7180 0 0
18 0 946 4347 0 775 0 586 7954 2164
19 0 0 0 0 0 0 0 0 0
20 0 0 0 0 0 0 0 0 0
T28
0 0 0 0 0 0 0 0 0 0
1 0 0 0 0 0 0 0 0 0
2 11104 5899 955 3288 16805 0 4752 46362 978
3 0 0 0 0 0 0 0 0 0
4 0 0 0 0 0 0 0 0 0
5 880 0 1250 120 310 0 669 0 0
6 32109 27663 11072 16875 43874 9597 84030 81221 60852
7 3148 2680 0 0 960 499 956 1503 0
8 492 30777 12145 2517 99 2280 14038 22851 0
9 0 919 19 0 155 0 0 0 0
10 1427 162 0 0 5066 0 0 10979 0
11 0 0 4034 0 0 0 1338 2370 0
12 3419 2162 0 120 0 0 14612 11126 41173
13 362 6824 4034 180 765 0 25835 3046 42151
14 0 0 0 0 0 0 0 0 0
15 4365 22175 668 300 4138 4561 35723 18275 214227
16 267 183785 1140 0 60 0 459 2166 123519
17 140 16424 4034 259 310 360 4287 12458 0
18 2553 2368 405 0 136 5852 45 535 0
19 0 0 0 0 0 0 0 0 0
20 0 0 0 0 0 0 0 0 0
T29
0 0 0 0 0 0 0 0 245 0
1 0 0 0 0 0 0 0 0 0
2 654 1838 0 100106 4517 852 1398 4093 5752
3 0 0 0 0 0 0 0 0 0
4 0 35 0 0 0 0 360 0 0
5 15032 0 0 0 0 0 180 0 17294
6 18845 295956 9898 73781 197901 93292 8297 7426 9463
7 510 55501 858 33162 20091 0 4091 0 8647
8 1278 149245 960 4453 3007 734 24686 5619 0
9 0 6715 0 1120 1314 0 794 0 1632
10 0 85588 858 0 0 0 0 5596 0
11 0 0 0 0 0 0 0 0 17294
12 223 47896 858 433 657 7500 0 245 0
13 1245 78916 0 34002 56557 7500 397 2411 18110
14 0 0 0 0 0 0 0 0 0
15 1991 21866 6128 0 4707 7860 35403 6866 580
16 0 3519 0 0 0 0 0 0 0
17 0 8057 0 280 379 0 170 7099 0
18 546 12232 1716 153 379 0 12368 0 870
19 0 0 0 0 0 0 0 0 0
20 0 0 0 0 0 0 0 0 0
T30
0 0 0 0 0 0 0 0 0 0
1 0 0 0 0 0 0 0 0 0
2 7612 6128 2316 6920 9456 801 1299 9166 1240
3 0 0 0 0 0 0 0 0 0
4 0 0 0 0 0 0 1420 0 0
5 0 0 0 0 2692 0 637 390 0
6 37007 15198 18768 325377 32524 7358 48482 40965 6298
7 22142 18380 1438 52702 5852 0 420 6560 0
8 100 59250 650 105404 833 99 3104 3086 726
9 0 12045 0 0 0 0 2072 0 0
10 750 1173 1438 105404 0 0 0 801 0
11 0 0 0 0 0 791 0 2011 0
12 750 1295 1438 52702 2946 0 2072 1929 340
13 3596 9017 0 55142 2700 0 6347 940 0
14 0 0 0 0 0 0 0 540 0
15 0 26896 480 624 2113 1530 3577 17934 0
16 0 114707 266 363 0 0 111 8132 0
17 0 52676 0 0 0 0 2270 756 0
18 1687 5752 3036 624 0 0 1300 1602 100
19 0 0 0 0 0 0 0 0 0
20 0 0 0 0 0 0 0 0 0
T31
0 0 0 0 0 0 0 0 360 0
1 0 0 0 0 0 0 0 0 0
2 50674 4494 136 2568 4170 0 3295 20275 2190
3 0 0 0 0 0 0 0 0 0
4 0 63 0 0 0 0 0 0 0
5 0 63 0 208 2425 0 780 23104 744
6 62055 118440 14294 9104 24559 385680 39555 113067 12967
7 330 21323 11058 0 8440 9141 7853 0 2470
8 615 73495 1380 2001 51260 940 11044 11634 0
9 0 3681 576 0 784 0 1711 2000 1536
10 0 750 154 1344 0 0 0 0 0
11 22320 7736 0 208 12686 0 804 0 2832
12 0 4657 0 1552 0 0 0 1272 384
13 394 30737 328 3254 20181 10635 5323 9132 0
14 0 63 0 0 0 0 0 0 0
15 0 7443 108378 43613 38230 498 66398 1557 16785
16 0 5855 154 0 945 0 0 0 0
17 0 393 43181 0 0 0 3194 0 0
18 0 8582 72 1761 465 717 899 0 0
19 0 0 0 0 0 0 0 0 0
20 0 0 0 0 0 0 0 0 0
T32
0 0 0 4770 0 0 0 0 360 0
1 0 0 0 0 0 0 0 0 0
2 800 2710 950 4526 1176 6708 2076 9996 100
3 0 0 0 0 0 0 0 0 0
4 0 0 0 186 0 0 0 0 0
5 0 0 0 1064 300 176 1372 8270 0
6 16941 7936 17839 46655 47540 28757 39526 155354 8301
7 1120 22488 100 43275 4520 0 3003 38802 2247
8 280 10104 909 1325 3956 4025 17406 64506 0
9 0 520 105 428 0 875 873 43198 0
10 0 0 0 0 1888 0 500 71546 2702
11 0 0 0 0 0 0 0 1200 0
12 0 33451 225 3152 3546 0 128 132230 0
13 349 9471 1695 3786 1139 200 1429 20778 680
14 0 0 0 0 0 0 0 0 0
15 320 54148 3456 50834 10378 780 8662 25792 3308
16 0 678185 0 71715 0 0 920 500 0
17 10 935 1654 272 0 0 4800 0 0
18 930 6117 0 1411 1836 1151 3250 1300 0
19 0 0 0 0 0 0 0 0 0
20 0 0 0 0 0 0 0 0 0
T33
0 0 0 0 0 0 0 0 0 0
1 0 0 0 0 0 0 0 0 0
2 2604 613 900 873 22130 0 2699 34082 2742
3 0 3648 0 0 0 0 0 0 0
4 9372 0 0 0 0 0 1000 0 0
5 0 0 0 0 1208 0 0 0 854
6 123028 17866 18799 3617 23075 90308 276315 47662 12966
7 8611 31955 356 52389 0 0 47339 564511 1510
8 12048 17343 308 36796 1413 1328 98922 8819 0
9 0 3036 900 0 5266 0 279217 364 684
10 4800 0 1388 0 0 0 89136 5596 252
11 0 0 0 0 0 0 326 1276 750
12 229 979 970 0 714 8564 323608 3192 252
13 1224 8444 3545 100 740 10 116110 98125 1114
14 0 0 0 0 0 0 0 21660 0
15 13204 52829 0 4830 54 3936 70960 119487 1227
16 0 122961 42540 0 203 0 28625 151620 0
17 2000 3367 0 504 70 0 1490 2603 0
18 1784 298 50 2076 818 684 100 1397 2317
19 0 0 0 0 0 0 0 0 0
20 0 0 0 0 0 0 0 0 0
T34
0 0 0 0 0 0 0 0 0 0
1 0 0 0 0 0 0 0 0 0
2 13026 90 7438 860 10826 2340 3777 14205 522
3 0 0 0 0 0 0 0 0 0
4 0 0 0 0 2840 0 2160 0 0
5 0 45 1772 0 10400 1864 4728 1046 0
6 19653 56775 1078 10839 71219 16308 29141 45077 7188
7 1500 13366 1808 597 2370 1583 293 500 1100
8 2186 19728 0 3490 4118 200 18199 2243 946
9 0 737 5316 0 1190 0 0 0 0
10 0 14412 0 219 0 0 31 0 0
11 0 0 0 0 0 0 0 0 0
12 0 2774 0 980 5884 0 75374 0 585
13 1816 15860 3544 2423 16904 503 20613 1216 360
14 0 0 0 0 0 0 0 0 0
15 167 185529 12317 12800 694 3464 59248 16675 2320
16 0 18546 0 0 1640 0 1033 0 0
17 572 9076 325 2980 4270 686 86340 0 0
18 0 104900 450 0 390 486 610 7124 2400
19 0 0 0 0 0 0 0 0 0
20 0 0 0 0 0 0 0 0 0
T35
0 0 0 0 0 0 0 0 3000 0
1 0 0 0 0 0 0 0 0 0
2 42463 3924 48 350 7851 0 2787 18552 0
3 0 0 0 0 0 0 0 0 0
4 0 0 0 0 0 0 1412 0 0
5 648 0 0 0 0 0 0 0 0
6 56287 5575 685 22800 4308 8880 21134 166561 9483
7 0 71299 0 89330 60 0 9267 222749 0
8 822 5425 4092 5858 211 0 20515 230088 0
9 0 0 0 0 0 0 0 2428 0
10 648 0 0 0 0 0 20 0 0
11 0 0 0 0 0 0 20 214515 0
12 0 0 0 65000 20 0 22383 440330 9200
13 0 17117 0 130350 0 217 3414 649450 0
14 0 0 0 0 0 0 0 0 0
15 360 47750 10238 42512 2348 3286 22141 3585 463
16 0 2673 0 0 612 2712 0 0 36800
17 0 2132 1372 700 54 0 5259 1503195 13800
18 0 67645 1248 350 768 2712 6807 23 0
19 0 0 0 0 0 0 0 0 0
20 0 0 0 0 0 0 0 0 0
T36
0 0 0 0 0 0 0 0 0 0
1 0 0 0 0 0 0 0 0 0
2 9431 308 4549 215 9220 1000 4844 4734 0
3 0 0 0 0 0 0 0 0 0
4 830 0 0 0 1000 0 0 0 0
5 0 0 0 330 0 104 275 200 0
6 47296 9355 12278 12686 10789 1220 12529 17993 720
7 56858 5435 460 1790 6669 0 14823 1114 40
8 100 6820 2088 150 1040 104 1676 7974 566
9 0 246 0 0 0 0 0 0 0
10 0 0 0 50 1169 0 0 0 0
11 11007 0 0 50 0 0 0 0 0
12 500 577 0 1750 1169 0 550 160 283
13 22479 1939 0 520 5322 1080 3103 2947 849
14 0 0 0 0 0 0 0 0 0
15 369 12449 215 1130 15451 3708 16998 920 4610
16 0 5332 0 0 1000 2676 1260 0 0
17 50 2314 3000 0 30 0 1186 0 0
18 0 6505 1965 0 0 1815 1252 540 0
19 0 0 0 0 0 0 0 0 0
20 0 0 0 0 0 0 0 0 0
T37
0 0 0 0 0 0 0 0 0 0
1 0 0 0 0 0 0 0 0 0
2 484 1846 0 0 20375 3011 6176 12287 0
3 0 0 0 0 0 0 0 0 0
4 0 0 0 0 4557 0 2816 0 0
5 0 225 0 0 18770 2289 25788 0 0
6 7380 20694 1070 11762 46216 21641 18950 6733 360
7 960 10848 0 3113 12588 5000 36933 1200 12158
8 620 5711 3877 1576 9962 1149 3952 9632 0
9 0 2151 570 0 1970 0 5405 4222 0
10 0 6509 0 0 0 5000 1731 195 0
11 0 0 0 0 6204 0 0 580 0
12 0 671 0 0 8745 3052 11425 261 0
13 0 3288 1250 229 31295 1205 33243 4564 158
14 0 0 0 0 0 0 0 0 0
15 27494 14263 1121 258 2438 943 5727 1130 1280
16 0 930037 0 0 2800 0 0 0 0
17 0 1135 0 394 6090 53 15928 1860 0
18 3914 362 1753 250 2988 2829 4444 1012 1080
19 0 0 0 0 0 0 0 0 0
20 0 0 0 0 0 0 0 0 0
T38
0 0 0 0 0 0 0 0 0 0
1 0 0 0 0 0 0 0 0 0
2 230 1380 4599 1000 1868 0 5930 11147 0
3 0 0 0 0 0 0 0 0 0
4 0 0 0 1000 0 0 0 0 0
5 0 0 0 720 0 0 0 0 0
6 14481 194339 23777 27234 5668 51266 29426 36850 900
7 44566 12348 1212 2734 0 30460 56544 11307 0
8 216 219394 2138 15804 1217 300 10230 13196 1017
9 0 88618 0 0 0 0 2480 0 0
10 3519 2500 0 0 0 0 0 3153 0
11 0 0 0 0 30 0 1000 112 0
12 85 2182 769 483 358 0 2860 3377 0
13 3722 116008 1897 0 460 7500 3430 12287 0
14 0 0 0 0 0 0 0 0 0
15 3604 295745 1875 62486 3386 10270 5642 45094 796
16 130 501122 0 45 0 0 765 1021 0
17 3840 824780 31556 0 99 0 2390 972 0
18 960 43276 1128 0 135 2100 64 3063 630
19 0 0 0 0 0 0 0 0 0
20 0 0 0 0 0 0 0 0 0
T39
0 0 323 0 0 0 0 0 0 0
1 0 0 0 0 0 0 0 0 0
2 1876 460 2000 1838 1220 1018 4928 780 6070
3 0 0 0 0 0 0 0 0 0
4 0 0 0 0 0 0 1980 0 0
5 938 16642 0 0 0 0 5940 0 0
6 36010 31978 15369 10587 14777 9071 25768 81331 29152
7 540 3878 80 1500 128 0 3108 666 0
8 2280 150723 2584 11480 276 946 4424 47062 5188
9 0 624 0 0 0 0 0 0 600
10 0 0 0 0 0 0 0 0 600
11 0 0 0 0 0 0 0 9400 0
12 0 9541 148 1279 0 1086 40 9400 1738
13 0 95838 0 2659 285 0 11262 23166 1618
14 0 0 0 0 0 0 0 0 0
15 919 8648 1320 2210 0 1362 44752 1127 3764
16 0 2646 0 1030 570 628 6062 0 0
17 360 1179 0 0 48 0 4056 0 1378
18 0 1190 148 720 458 2043 5562 879 0
19 0 0 0 0 0 0 0 0 0
20 0 0 0 0 0 0 0 0 0
T40
0 0 0 0 0 0 0 0 0 0
1 0 0 0 0 0 0 0 0 0
2 23636 17484 0 1949 12296 0 5597 17169 1280
3 0 0 0 0 0 0 0 0 0
4 0 0 0 747 0 0 1782 0 0
5 0 0 0 8760 3200 0 206 570 0
6 1830 101365 10832 10987 37921 20256 27371 24451 14654
7 17820 22668 502 0 2040 0 13907 4123 1964
8 738 85568 3523 9024 18024 0 1264 67636 4276
9 0 4727 0 0 0 0 0 5590 0
10 0 4727 0 10 0 0 0 915 982
11 0 2744 0 10 0 0 151 0 0
12 0 12305 0 1918 340 1688 1870 62710 982
13 5940 37274 530 3520 3214 1905 1235 135400 1500
14 0 0 0 0 0 0 0 0 0
15 838 17276 7007 972 7959 5134 19937 138982 17178
16 0 1537 2166 0 0 1723 400 0 0
17 0 12043 547 3699 0 0 400 314134 0
18 843 1652 0 628 1137 210 0 61000 2120
19 0 0 0 0 0 0 0 0 0
20 0 0 0 0 0 0 0 0 0
T41
0 0 0 0 0 0 0 0 0 0
1 0 0 0 0 0 0 0 0 0
2 30591 7980 9052 850 3328 442 520 15923 0
3 0 0 0 0 0 0 0 0 0
4 0 0 299 443 400 0 0 0 400
5 0 413 0 3101 0 0 0 7000 0
6 70019 25707 29008 8415 19982 5515 30077 931361 5064
7 3596 3301 732 886 62169 0 0 242859 0
8 109771 35838 1111 15682 3619 1440 26237 222671 0
9 2332 5400 4350 0 0 0 0 1687 0
10 1898 0 3717 0 0 0 5699 241 0
11 0 2275 0 0 0 0 1305 214515 0
12 3824 390 14857 924 7968 0 0 433803 0
13 35216 1278 968 0 1758 287 724 669915 0
14 0 0 0 0 0 0 0 0 0
15 55927 10869 4172 2580 16076 0 2887 17472 900
16 0 6982 0 0 0 0 22716 101806 0
17 54220 3959 1263 0 1060 0 398 1501665 0
18 54220 0 0 0 0 0 1320 5214 900
19 0 0 0 0 0 0 0 0 0
20 0 0 0 0 0 0 0 0 0
T42
0 0 0 0 0 400 0 0 0 0
1 0 0 0 0 0 0 0 0 0
2 82194 1352 56 12520 11503 2486 39146 13262 390
3 0 0 0 0 0 0 0 0 0
4 0 0 0 0 876 0 0 0 0
5 16620 951 28 300 359 0 121381 0 0
6 80624 16855 11436 42482 41219 9675 70797 16018 81834
7 81023 20780 58942 0 105298 452 3855 783 5120
8 582 27210 2376 3912 784 1100 22788 24789 342
9 0 10481 0 5374 920 0 0 0 0
10 0 750 0 0 5031 0 11046 0 0
11 33000 5088 0 0 0 0 8000 0 0
12 3984 767 300 0 3500 0 17960 1350 0
13 4155 21857 7688 3769 3738 0 30465 806 107
14 0 0 0 0 0 0 0 0 0
15 9534 40617 0 2164 1643 3255 1907 24249 1651
16 0 1431 92170 0 0 0 35476 0 0
17 0 0 0 3543 0 0 2676 4930 5000
18 0 8084 0 0 0 0 0 246 0
19 0 0 0 0 0 0 0 0 0
20 0 0 0 0 0 0 0 0 0
T43
0 0 0 0 0 0 0 0 0 0
1 0 0 0 0 0 0 0 0 0
2 7858 0 1129 7587 7941 878 2734 23182 0
3 0 0 0 0 0 0 0 0 0
4 0 0 1440 0 0 0 0 0 0
5 3929 0 0 0 1000 0 2424 0 0
6 17797 278751 6892 28003 19913 6486 43390 27335 9959
7 12554 48270 1064 71925 1280 0 16038 38060 2246
8 1290 96398 1397 120 1077 0 46126 13087 1079
9 0 2162 0 0 94 0 0 0 0
10 927 89074 222 0 0 0 0 10750 0
11 0 0 0 0 0 0 12159 2305 0
12 927 44537 222 8522 1570 0 4723 2305 360
13 11300 51154 609 7817 2462 0 32644 1342 0
14 0 0 0 200 0 0 0 0 0
15 3203 168469 48030 400 1694 738 13757 23473 4205
16 0 13108 212 34488 123 0 16205 62681 0
17 0 17701 0 8522 94 0 14185 0 0
18 0 32553 14800 0 0 454 25730 1092 0
19 0 0 0 0 0 0 0 0 0
20 0 0 0 0 0 0 0 0 0
T44
0 0 0 0 0 0 0 0 0 0
1 0 0 0 0 0 0 0 0 0
2 308 5802 0 2346 18187 2764 2160 13737 112
3 0 0 0 0 0 0 0 0 0
4 154 0 0 0 3976 0 0 1260 0
5 0 92 0 0 8875 0 1440 3301 0
6 8634 19127 9490 576957 50564 47546 35621 172201 9477
7 0 79037 40 88125 20110 21097 57113 1400 0
8 230 30136 679 175202 2500 42194 5092 53296 1461
9 0 0 0 0 675 0 260 441 0
10 0 0 0 172066 0 21097 7091 560 0
11 0 3290 0 0 0 0 1265 0 0
12 0 7963 0 86033 5586 21097 359 16551 1156
13 250 9979 778 88592 12930 0 7641 28651 0
14 0 0 0 0 0 0 0 0 0
15 334 24709 11697 0 11323 5279 5991 7099 2856
16 0 173520 688 0 9252 7010 22864 0 60
17 50 2592 778 0 0 0 400 142956 0
18 0 73276 1464 0 2294 10515 271 64356 468
19 0 0 0 0 0 0 0 0 0
20 0 0 0 0 0 0 0 0 0
T45
0 0 0 0 0 780 0 0 360 0
1 0 0 0 0 0 0 0 2505 0
2 25192 2868 0 14513 6740 0 165491 17540 1792
3 0 0 0 0 0 0 0 0 0
4 0 0 150 0 0 0 380 7515 0
5 0 36427 0 1546 0 0 760 35070 0
6 49129 93449 17858 95921 48170 39076 50866 63769 19328
7 10924 118963 300 17659 24266 2538 380 4632 1113
8 2190 56751 0 11627 13761 2028 7881 6358 3200
9 0 0 0 900 25127 0 82705 0 0
10 0 109281 0 4411 0 2578 0 0 0
11 0 90858 0 0 0 0 20600 0 0
12 5858 128939 0 0 7138 2538 4917 9876 0
13 6258 346346 447 1278 4951 5300 10528 18256 1095
14 0 0 0 0 0 0 0 0 0
15 877 505396 5399 1906 9678 19210 52366 25305 1966
16 0 2819760 220 0 233 0 340 0 0
17 10000 6185 0 0 0 0 1871 100 4818
18 877 9069 1256 235 0 5076 1119429 0 220
19 0 0 0 0 0 0 0 0 0
20 0 0 0 0 0 0 0 0 0
T46
0 0 0 0 0 0 0 0 360 0
1 0 0 0 0 0 0 0 0 0
2 181071 1031 0 5186 21829 959 6629 6343 1700
3 0 0 0 0 0 0 0 0 0
4 7290 0 2630 0 0 0 0 0 0
5 7408 0 0 0 14512 0 0 17300 0
6 302594 55145 9889 20778 84093 6518 27194 70729 10734
7 18957 5044 3129 11969 23457 0 2393 5325 1296
8 550 46411 1648 38352 1770 3904 14038 6128 192
9 0 780 576 900 0 0 344 4490 0
10 0 0 0 0 0 0 0 6406 648
11 0 1598 0 0 0 0 496 7102 0
12 49553 490 735 47 2000 0 598 2851 648
13 46260 925 1315 578 16002 0 4796 23296 0
14 0 0 0 0 0 0 0 0 0
15 1592 3066 5458 3720 17372 824 3315 1222 2212
16 0 3574 0 0 0 0 792 0 0
17 0 0 0 0 0 0 496 1360 0
18 410 378 4381 446 0 0 900 0 3747
19 0 0 0 0 0 0 0 0 0
20 0 0 0 0 0 0 0 0 0
