T0
10 12 13
11 13
12 13 15 18
13 15 16 13
15 15 17 16 18
16 16 18
17 18
18 18
2 6 12 13 10 8 2 3 4 5 7 9 11 15
3 4 5 7 9 10 12 13
4 5 7 9 10 12 13 6
5 7 9 10 12 13 6
6 6 10 13 8 15 17 7 12 16 18 11
7 7 12 9 10 13 18 15 8
8 8 15 17 13 16
9 12 10 13 11
T1
10 12 15
11 11 13 12 15
12 13 15 17 18 16
13 15 17 18 16 13 19
15 17 16 18 15 19
16 16 18
17 18
18 18
2 6 8 9 12 13 15 17 5 18 7 2 10
4 5 7 13 15
5 6 13 18 7 9 12
6 8 9 12 13 15 17 6 18 7 11 16 10
7 9 12 18 7 8 15 16 11 13
8 9 12 13 15 17 8 11 19
9 12 13 15 17 18
T2
10 12 13 18 17
12 16 13 15 18 17
13 18 15 13
15 15 16 17
16 16
18 18
2 2 5 6 12 8 9 13 18 7 15 16 10
5 6 12 7 13 15 9 18 5 10
6 7 8 6 12 9 13 18 15 16 10 17
7 8 7 12 13 15 9 18 16
8 8 15 9 12 13 17
9 13 18 12 15 17
T3
0 6 13
10 15 16 13
11 17
12 18 15 17 13
13 18 15 17 13
15 16 15 18 17
16 16 17
17 17
2 6 7 10 15 16 13 18 2 8 9 12 17 5
5 8 11 17 6 12 13 18
6 7 10 15 16 18 13 6 12 8
7 10 15 16 7 13 8 17 12
8 11 17 8 15 13 12 16 10
9 12 17 15
T4
0 0 6 18
10 12 15
12 13 16 15 17 18
13 16 13 15 17 18
15 15 18 17 16
16 18 17
17 17 18
18 18
2 6 5 2 8 12 13 16 10 15 7 18 9
3 13
4 6 13 5 7
5 6 7 13 12 9 15 18
6 6 12 13 16 8 10 15 17 18 7 9 11
7 7 8 12 13 16 9
8 8 15 10 12 17 18 13 16 9
9 15 12 13 16 17 18
T5
10 16 11 13 15 18 12
11 13 15
12 13 18 15 17 16
13 15 17 16 18 13
15 15 17 18 16
16 16 18
17 17
18 18
2 6 12 13 2 8 9 11 7 10 18 5 16 15
4 6
5 6 7 8 10 11 13 15 9 12 18
6 6 12 13 7 18 8 9 15 17 10 16
7 7 8 10 18 13 9 12
8 17 13 15 8 10 11 18 12 9
9 12 13 15 17 18
T6
0 6 12 13
10 12 13
11 13
12 13 15 16 18
13 13 17 16 18 15
15 15 18 17 16
16 16 18
17 17
18 18
2 6 8 2 9 12 13 18 5 15 16 7 17
3 11 13
4 4
5 6 9 12 15 13 18 17 8
6 6 8 18 7 13 9 12 15 17 16
7 7 13 18 8 10 12 11
8 8 13 17 9 12 15
9 12 13 15 18
T7
0 6 13
11 12 13 11 16
12 16 13 17 18 15
13 17 13 15 18 16
14 15 16 18
15 16 18 15 17
16 18 16 17
17 17 18
18 18
2 2 5 6 8 9 13 15 18 12 16 17 11
4 5 7 13 6 9 11 12
5 6 9 12 13 7 18
6 8 12 13 17 7 6 18 9 15 16 11
7 12 13 7 8 11 16
8 13 17 12 8 15 18
9 13 15 18 12 11
T8
10 10 12 15 13 17
11 13 12
12 13 15 17 16 18
13 17 13 15 18 16
15 16 17 15 18
16 16 17 18
17 17
18 18
2 6 8 15 16 5 12 2 13 7 18 10 17 9
4 7 13
5 12 7 13 6 15
6 8 7 12 13 6 15 18 10 11 17 9 16
7 7 12 13 11 8 15 9 10 17 18 16
8 17 13 15 8 10 12 18
9 10 12 13 17 18 15
T9
0 6 13 17
10 13 15 18 12
11 13 18
12 13 15 18
13 18 15 17 13 16
15 15 16 18 17
16 18 16
17 17 18
18 18
2 6 13 18 8 9 11 5 12 15 7 2 17 3 4 10 16
3 4 5 7 9 10 12 13 3
4 6 7 5 9 10 12 13 18
5 6 12 13 15 18 7 9 10 8
6 13 18 8 17 6 7 9 11 12 15 16 10
7 7 13 18 9 10 15 12 16
8 17 8 13 15 12 9 10 18
9 13 15 10 18 12
T10
10 12 13 17
11 12 13
12 16 13 18 17
13 17 13 18 15
15 15 18 16 17
16 16
17 17
18 18
2 6 13 8 12 16 7 2 18 5 11 10
5 8 13 17 6 11 7 10 12
6 8 13 6 12 16 7 18 9 10 11 17
7 7 8 13 11 12 9 10 17
8 13 17 8 11 12 18 15
9 10 12 13 17
T11
10 12
12 13 18 15
13 17 18
15 18 17 16 15
16 18 16
17 17 18
18 18
2 6 2 7 8 12 13 18 16
4 13 6 9 11 4
5 6 15
6 6 8 13 15 9 10 12 7 18 11 16
7 7 8 12 13 16
8 13 8 17 15 12 18
9 10 12 9 11
T12
11 13 17
12 15 16 13 18 12
13 17 15 18 13
15 16 15 17 18
16 16
17 18 17
18 18
2 2 6 7 13 8 5 12 15 18 17
4 6 7
5 6 12 13 15
6 6 7 13 8 18 15 17 12
7 13 8 11 17 7 18
8 11 13 17 8 18 15 12
9 12 15 16
T13
1 2
11 13 17
12 13 14 16 15
13 17 14 16 18 15
14 16
15 15 17 18
16 16
17 18 17
18 18
2 6 5 13 12 14 16 2 9 18 8
4 6 7 9 13 12 15
5 6 13
6 8 13 17 6 15 7 12 9 11 18 16
7 7 11 12 13 8 18 9 16
8 13 17 8 15 11 18 12
9 15 13
T14
10 12 13 16
11 15 18
12 13 15 17 18 16
13 13 15 17 16 18
15 15 16 18 17
16 16 18
18 18
2 6 8 2 5 13 12 15 18
5 6 5 13
6 6 8 9 15 7 10 12 13 16 18 17
7 9 10 12 13 7 18 8 16
8 13 17 8 15
9 15 10 12 13
T15
0 5 6
10 12 13 11 15
11 13 18
12 13 15 16
13 18 13 15 17
15 15 16 17 18
16 16
17 17
18 18
2 5 6 13 8 2 18 10 12 15 7
5 6 13 12
6 6 13 7 9 10 12 8 18 17 15 11
7 8 11 13 18 7 10 12
8 11 13 18 8 17 15
9 10 12 13 15 18
T16
11 13 12 15
12 13 15 17 12
13 15 17 13 18
15 18 15 17 16
16 16 18
17 17 18
18 18
2 6 7 12 13 2 8 5 18 9 15 17 10
4 6 15
5 6 7 12 13 8 9 15 17 18 10
6 7 12 6 13 8 15 9 17 18 10
7 12 13 7 9 15 8 18
8 8 15 17 11 13 9
9 12 13 15 17 11
T17
10 12 13 15
12 15 16 13 18
13 17 18 15 16 13
15 16 18 15 17
16 18 16
17 18
18 18
2 6 2 8 17 13 10 12
4 5 6 7 13
5 6 7 13
6 6 8 13 17 7 18 12 9 10 15
7 7 13 8 15 12
8 17 13 8 15 12 9
9 12 15 16 10 13 17
T18
0 2 6 7 13 17
10 12 13
11 13 18 12 15
12 15 16 13 18
13 17 18 13 15
15 15 17 18 16
16 16
18 18
2 13 6 15 7 2 8 4 9 12 18 5 17
4 6 9 12 13 15 18
5 6 18
6 15 7 13 8 6 9 12 18 10 17 16
7 7 15 13 8 11 18 17
8 8 9 13 11 18 15 17
9 12 13 15 18 10
T19
0 2 12 18
10 15 16 10 12 13 18
12 16 15 13 17 18
13 15 18 13 17
15 16 18 15 17
16 18
17 17
18 18
2 2 6 7 13 15 18 5 8 12 10 9
5 5 6 13 7 8 18 12
6 6 7 13 15 18 8 12 10 11 9 17 16
7 13 15 18 7 8 12
8 17 8 13 15 11 12 10
9 13 18 12 15
T20
0 2 12 18
10 12 13 16 11 15 18
11 12 13 15
12 15 16 13 17 18
13 13 17 16 15 18
15 15 16 18 17
16 18
17 17
18 18
2 5 6 18 8 7 15 2 9 12 16
4 4
5 6 7 10 11 12 13 15 9 18
6 7 8 10 6 13 12 16 15 11 9 18 17
7 7 12 16 9 13 17 10 11 15 8
8 10 13 8 17 15 12
9 12 13 17 10 15 18 16
T21
10 12 13 15 18
12 13 15 18
13 17 15 13 18 16
15 15 17 16 18
16 16 18
17 17 18
18 18
2 6 2 13 8 15 12 9 10 18 5
4 6 7 13
5 5 6
6 13 7 6 8 12 16 9 10 15 18 17
7 13 11 7 8
8 13 17 15 8 10 12
9 10 12 13 15
T22
0 2 5 6 12 13
10 12 13
11 13 12
12 13
13 15 17
15 17 15 18 16
16 16 18
17 17
18 18
2 6 5 13 15 2 7 12 8
5 6 12 13
6 6 13 18 16 8 17 15 7 12 10 11
7 7 13 15 12 8 10
8 13 15 17 8 10 12 11 16 18
T23
10 12 13 18 15
12 13 18 16 15
13 18 16 15
15 15 18
16 18 16
17 17
18 18
2 2 6 15 7 9 12 13 16 18 5 8
4 4
5 8 12 6 13
6 7 9 6 10 12 13 18 15 16 11 8 17
7 9 12 13 16 18 7
8 12 13 8 17
9 12 13 16 18 15
T24
10 11 12 15
11 17 12 16 18 15 13
12 18 15 13 16 17
13 15 13 17 16
15 18 17 16 15
16 18
17 17
18 18
2 6 13 2 5
4 6
5 6
6 6 8 7 13 12 18 15 16 17
7 7 13 11 12 16 18 8 17
8 11 17 8 13 15 12
T25
10 12 13 15
11 13 17
12 13 15
13 15 17 18
15 18 15 17 16
16 18 16
17 17
18 18
2 6 2 18 12 5 13 7 9 10 15
4 6
5 6 18 13
6 6 8 13 15 16 18 12 7 11 17 9 10
7 12 13 15 7
8 13 15 8 17 11 9 12 18
9 12 10 13 15
T26
1 2
10 11 12 13 17
11 12 13 17 18
12 13 18 17 15
13 18 17 15 13
15 18 15
16 16
17 17
18 18
2 5 6 12 13 8 2 15 4 18 3 7
3 6
4 6 7 13 12 8
5 7 11 6
6 8 11 12 13 18 6 7 9 15 10 16 17
7 11 8 13 12 10 17 7 16 18
8 17 11 12 13 8 9 15 18
9 12 13 10
T27
10 12 13 11 18
11 12 13
12 13 15 17
13 17 15 18 16 13
15 18 15 16 17
16 16
17 17
18 18
2 2 5 6 12 13 10 8 7 15
4 4
5 6 12 13 15 7
6 12 6 13 8 10 7 16 11 15 18 17 9
7 7 15 8 12 13 9 10
8 13 17 12 8 15 10 11
9 12 15 10 13
T28
10 12 13
11 13 17 12
12 13 17 15 16 18
13 17 15 18 13 16
15 15 18 17 16
16 18 16 17
17 17
18 18
2 6 12 5 13 2 18 17 8 11 10 9
5 6 12 7 11 9 13 17
6 12 6 8 17 7 11 13 10 15 18 16 9
7 7 8 10 12 13 17 16 11
8 8 17 11 13 12 15
9 13 17 10 12
T29
0 2 6 12 13
10 15 12 18 13
11 13
12 13 15 18 17 16
13 13 17 18 15 16
15 18 15 17 16
16 16 18
17 18 17
18 18
2 6 12 13 5 7 8 2 18 9 17 15
4 6 12 4
5 6 18 7 11 13 5
6 12 13 7 6 8 15 18 10 11 9 17 16
7 7 13 10 12 18 8 11 9
8 8 15 13 17 10 12
9 12 13 17 18 15 16
T30
10 12 18 13 15
12 18 13 15 17
13 13 15 18 17 16
14 16
15 15 18 17 16
16 16 18
17 18
18 18
2 8 6 5 13 15 18 2 7 9 12 10 11
4 6
5 6 12 13 15
6 7 10 12 18 8 6 13 15 17 16 11 9
7 10 12 18 8 7 11 13
8 8 9 12 13 15 17 18 10
9 17 12 13 15 18
T31
0 2 6 12 13
10 12 16 13
11 13 18 12 11
12 13 15 14 16 18
13 15 18 17 13 14 16
14 15 16 18
15 15 18 16
16 16 18
17 17
18 18
2 12 13 15 5 6 2 18 7 8 11 4 9 14 16
4 5 9 12 13 14 15 16 18
5 6 13 11 12 9 14 15 16 18 7
6 7 8 13 6 12 9 18 16 10 15 11
7 8 13 7 11 18 9 15 10 16
8 8 13 12 15 17 11 18 9
9 13 18 9 12 14 15 16 10
T32
0 2 6 12 13 17
10 13 15 12 18
12 13 15 18 16
13 13 17 15 16 18
15 15 18 17 16
16 16 18
17 18
18 18
2 4 5 6 12 13 11 9 18 2 8 7 17 15
4 5 6 12 13
5 6 12 13 18 9 15
6 15 6 8 12 13 7 9 10 18 11 17 16
7 7 9 10 13 15 8 18 12 16
8 8 17 13 10 12 18 15
9 10 13 15 18 12
T33
10 12 13 18 15
11 13
12 13 12 15 17 18
13 15 17 13 18 16
14 16
15 18 15 17
16 16
17 17
18 18
2 6 4 15 8 13 2 9 5 18 17
3 3
4 6
5 6 12 13 18
6 6 8 13 7 10 18 15 16 11 12 17 9
7 7 13 15 8 11 10 12
8 15 17 8 13 10 12 9
9 15 12 13 17
T34
10 12 13 15 16
12 13 16 17 15 18
13 15 16 17 13 18
15 18 16 17 15
16 17 18 16
17 17
18 18
2 2 6 4 5 7 8 9 12 13 16 17 18 15
4 5 6 7 8 9 12 13 16 17
5 6 7 8 9 12 13 16 17 18 15 5
6 6 8 7 9 12 13 16 17 10 18 15
7 8 9 12 13 16 17 7 15 18
8 9 12 13 16 17 15 8
9 12 13 16 17 10 18 15
T35
0 6 8 12 13 15
10 11
11 12 13 17
12 16 17 15 13 18
13 15 17 13 18
15 17 18 15 16
16 16 17 18
17 18 17
18 18
2 6 8 12 9 13 2 16 15 18 5 10 17
4 4 6 7 13 15
5 6 10
6 6 7 13 12 8 15 17 18 9 16 10
7 13 8 7 15 12 17 18 11
8 8 17 12 13 15 18 11
9 13
T36
10 11 13 15 12
11 13 15
12 13 15 18
13 16 15 18 17 13
15 18 15 16
16 16 18
17 17
18 18
2 13 6 15 2 9 12 8 5 18
4 6 7 13 16
5 8 6 7 12 13 18 10 11 15
6 7 15 6 13 16 12 9 8 18 17
7 7 13 16 8 12 18 10 11
8 12 13 8 17 10 11 15
9 12
T37
10 15 16 11 13 12
11 13
12 13 16 17 15 18
13 18 13 15 17 16
15 18 15 17 16
16 16 17
17 18
18 18
2 5 6 9 12 8 13 15 17 18 4 7 16 2 10
4 5 6 7 8 9 12 13 16 17 4
5 6 9 12 7 8 13 16 17 15
6 13 18 9 12 8 6 7 10 15 17 16 11
7 7 10 8 9 12 13 16 17 11
8 8 13 15 17 18 9 12 16
9 12 13 16 17 15 18 10
T38
10 12 13 15
11 13 12 17
12 15 13 16 17
13 18 13 17 15 16
15 15 18 16 17
16 18 16 17
17 17 18
18 18
2 2 4 6 12 15 8 17 7 13 9 11
4 6
5 6 7
6 6 8 13 18 11 12 16 15 7 9 17
7 7 8 13 18
8 8 13 17 15 12 9 16 18
9 13 15 16 17 12
T39
0 8
10 12 13
11 12 13
12 13 18 16 15
13 17 15 13 16 18
15 15 16 18 17
16 18 17
17 17 18
18 18
2 2 6 12 13 5 9 8 18 4
4 5 6 13
5 8 12 6 13
6 6 8 13 9 10 12 15 17 7 16 18
7 9 15 7 13 8
8 11 12 13 17 15 8
9 10 12 13 15
T40
10 12 11 13 15
11 13 15 17
12 13 15 17 18 16
13 15 17 18 16 13
15 15 17 18 16
16 16 17
17 18 17
18 18
2 2 6 8 17 9 13 15 16 7 5 12
4 6 7
5 6 7 8 9 12 13 15 17 10 11
6 8 13 15 17 12 7 9 18 16 6 10 11
7 7 8 13 9 12 15 17 10
8 8 12 13 15 17 18 9 16 11
9 13 15 12 17 10
T41
10 12 13 15 18 11 16
11 13 16 12 17 11 15
12 13 17 15 18
13 13 16 17 15 18
15 17 15 18 16
16 16
17 18 17
18 18
2 6 7 13 2 17 9 10 12 15 18 8 5
4 6 5 7 12 4
5 6 7 12 13 18
6 8 6 7 13 17 15 12 18 9 10 11
7 13 12 7 8 11 17
8 8 17 15 11 12 13 18
9 10 12 13 15 18 11
T42
0 8 13
10 12 13 16 15
11 13
12 13 15 18 17
13 13 17 15 16 18
15 15 16 18 17
16 16
17 17
2 6 12 5 10 13 2 7 8 9 15 18
4 6 7
5 6 10 12 13 8 9 15 18 11
6 7 8 13 6 12 10 15 16 9 18 17 11
7 8 13 7 10 12 11 9 16 17
8 8 13 17 9 12 15 18 16
9 10 13 16 12 15 18
T43
10 12 13 15 16
11 13 18 12
12 13 15 17 16
13 15 17 13 18 16
14 15 16
15 15 16 17 18
16 17 18 16
17 18
2 5 12 6 2 13 8 15 16 7 10
4 6 7
5 12 13
6 6 13 7 8 18 17 15 12 16 10 9
7 7 8 11 13 18 17 10 12 15 16
8 8 13 17 11 18 9 15 10 12
9 13 17 12 15
T44
10 16 12 13
11 12 13 15 18 17
12 13 15 18 17 16
13 15 18 13 17 16
15 18 17 15 16
16 18 16
17 17 18
2 6 2 5 7 12 13 10 9 18 4 8 11 15 17
4 4 6 12 13
5 6 11 12 13 15 18 7 9
6 6 11 12 13 15 18 8 7 9 10 16 17
7 7 12 13 18 15 10 16 8
8 13 15 8 10 12 17 11 18
9 12 13 15 17 18
T45
0 2 6 12 13 8
1 2 4 5 6 12 13
10 11 12 13 15 16 18
11 12 13 15 16
12 13 15 17 16 18
13 15 17 16 13
15 15 16 17 18
16 16 18
17 17 18
18 18
2 6 9 11 4 5 7 12 13 15 16 8 2 10 18
4 5 6 7 12 13
5 7 10 11 12 13 15 16 6 18
6 6 8 17 12 13 9 15 7 16 10 18
7 10 11 12 13 15 16 7 8 9 18
8 8 13 17 11 15 10 9
9 12 13 15 17 11
T46
0 2 6 12 13
10 11 12
11 13 17 16
12 13 17 18 15 16
13 18 15 13 17
15 15 18 16
16 18
17 17
18 18
2 9 11 13 8 6 2 15 5 7 12
4 6 13 5 7
5 13 6 7
6 6 7 12 13 8 9 18 15 10
7 7 12 13 10 11 8 9
8 8 12 17 9 15 18 13 11
9 11 13 12 15
