T0
0 0 0 0 0 0 0 0 0 0
1 0 0 0 0 0 0 0 0 0
2 13 9 4 15 18 4 8 13 6
3 1 0 0 0 0 0 0 0 0
4 3 0 0 0 0 0 0 0 0
5 5 3 0 1 2 1 0 0 0
6 20 84 12 54 14 5 45 20 88
7 4 8 0 3 0 0 4 12 2
8 8 31 6 10 2 4 19 16 3
9 2 3 0 0 0 0 0 7 0
10 1 4 0 0 0 0 0 2 0
11 0 0 0 0 1 0 0 2 0
12 3 11 0 0 1 0 4 1 2
13 7 5 1 1 3 1 7 3 5
14 0 0 0 0 0 0 0 0 0
15 5 35 10 5 16 17 27 35 17
16 0 21 0 0 0 0 0 0 0
17 1 2 1 0 0 0 0 1 1
18 1 5 2 0 0 0 0 0 0
19 0 0 0 0 0 0 0 0 0
20 0 0 0 0 0 0 0 0 0
T1
0 0 0 0 0 0 0 0 0 0
1 0 0 0 0 0 0 0 0 0
2 16 9 3 7 5 3 10 3 0
3 0 0 0 0 0 0 0 0 0
4 0 0 0 0 0 0 2 0 2
5 1 5 0 3 0 0 1 0 1
6 51 71 23 39 28 4 41 16 9
7 2 6 0 5 3 6 7 5 2
8 3 21 8 5 8 1 6 10 1
9 1 0 2 1 0 0 0 0 0
10 0 0 0 0 0 0 1 0 0
11 2 4 0 0 1 0 0 0 0
12 1 8 8 1 7 0 3 3 0
13 1 5 3 4 7 0 4 2 3
14 0 0 0 0 0 0 0 0 0
15 14 50 11 5 18 6 26 21 1
16 0 10 0 0 1 0 0 0 1
17 2 3 7 0 2 0 1 0 0
18 6 1 1 7 2 0 3 2 2
19 0 1 0 0 0 0 0 0 0
20 0 0 0 0 0 0 0 0 0
T2
0 0 0 0 0 0 0 0 0 0
1 0 0 0 0 0 0 0 0 0
2 13 2 4 10 49 3 3 25 5
3 0 0 0 0 0 0 0 0 0
4 0 0 0 0 0 0 0 0 0
5 2 3 0 1 19 0 0 6 0
6 32 79 34 56 68 26 47 59 25
7 2 10 0 4 6 6 4 9 1
8 3 35 4 6 7 2 13 9 8
9 0 0 0 3 1 0 0 7 0
10 1 0 0 0 0 0 1 0 1
11 0 0 0 0 0 0 0 0 0
12 0 1 0 4 7 0 1 4 3
13 2 0 1 3 15 0 6 3 6
14 0 0 0 0 0 0 0 0 0
15 5 9 2 37 9 13 12 13 19
16 0 68 10 0 0 0 11 0 0
17 0 2 0 0 0 0 1 5 2
18 0 0 0 3 3 0 1 1 3
19 0 0 0 0 0 0 0 0 0
20 0 0 0 0 0 0 0 0 0
T3
0 0 0 0 0 0 1 0 0 0
1 0 0 0 0 0 0 0 0 0
2 6 24 3 9 7 2 12 3 6
3 0 0 0 0 0 0 0 0 0
4 0 0 0 0 0 0 0 0 0
5 1 2 0 2 1 0 1 0 0
6 26 120 7 31 46 10 119 34 14
7 1 8 1 4 1 2 2 2 2
8 2 40 6 8 7 1 8 6 5
9 0 6 0 0 0 0 0 0 0
10 0 2 0 1 0 0 0 0 0
11 0 1 0 0 0 0 1 0 0
12 0 5 0 1 0 0 4 0 0
13 0 12 1 1 4 1 5 2 1
14 0 0 0 0 0 0 0 0 0
15 1 28 2 14 8 3 3 6 0
16 0 2 0 2 0 1 0 0 0
17 0 3 3 0 2 0 1 0 1
18 4 12 0 0 2 0 3 0 0
19 0 0 0 0 0 0 0 0 0
20 0 0 0 0 0 0 0 0 0
T4
0 0 1 0 1 0 0 0 0 0
1 0 0 0 0 0 0 0 0 0
2 5 25 3 3 11 8 21 17 5
3 0 0 2 0 0 0 0 0 0
4 0 0 0 1 0 0 0 0 2
5 0 1 0 0 2 0 1 5 1
6 8 87 18 43 43 16 58 54 31
7 0 7 1 4 0 0 1 14 1
8 3 34 11 7 11 1 17 28 3
9 0 5 0 0 0 0 4 1 0
10 0 0 1 0 0 0 1 0 0
11 0 2 0 0 0 0 2 0 0
12 0 5 4 0 2 0 13 4 0
13 0 5 1 3 6 1 5 4 3
14 0 0 0 0 0 0 0 0 0
15 6 30 4 7 11 1 18 16 0
16 0 7 1 0 0 2 10 0 0
17 1 2 1 0 0 0 2 0 0
18 1 3 0 2 3 4 3 2 0
19 0 0 0 0 0 0 0 0 0
20 0 0 0 0 0 0 0 0 0
T5
0 0 0 0 0 0 0 0 0 0
1 0 0 0 0 0 0 0 0 0
2 16 11 12 6 11 4 20 10 2
3 0 0 0 0 0 0 0 0 0
4 0 0 0 0 0 0 0 1 0
5 5 1 4 1 0 0 4 0 0
6 24 81 23 35 50 23 88 53 9
7 7 4 0 0 3 0 4 2 2
8 5 19 0 8 12 2 22 9 4
9 0 5 5 0 6 0 4 0 0
10 0 1 1 1 5 1 1 1 0
11 1 0 0 1 1 0 0 0 0
12 1 8 0 0 3 1 4 2 0
13 7 8 1 2 7 0 5 2 3
14 0 0 0 0 0 0 0 0 0
15 9 14 1 11 12 2 9 8 5
16 0 28 23 0 0 19 0 0 0
17 0 2 0 1 3 0 1 1 0
18 0 5 0 1 4 4 1 0 0
19 0 0 0 0 0 0 0 0 0
20 0 0 0 0 0 0 0 0 0
T6
0 0 0 0 0 0 0 0 1 0
1 0 0 0 0 0 0 0 0 0
2 28 21 18 12 3 2 18 11 2
3 0 2 0 0 0 0 0 0 0
4 0 0 0 0 1 0 0 0 0
5 12 1 0 0 7 0 0 1 1
6 43 99 24 34 22 23 81 50 55
7 7 7 1 1 4 3 0 3 0
8 12 22 15 9 6 6 19 16 8
9 1 7 0 0 4 0 1 2 0
10 0 2 0 0 0 0 0 0 0
11 0 1 0 0 1 0 0 0 0
12 0 10 0 1 5 0 5 6 0
13 3 11 4 1 5 3 4 16 1
14 0 0 0 0 0 0 0 0 0
15 2 30 9 3 9 0 13 37 6
16 0 11 3 0 0 0 0 18 0
17 2 4 2 0 1 0 6 1 0
18 0 13 0 2 4 0 0 10 0
19 0 0 0 0 0 0 0 0 0
20 0 0 0 0 0 0 0 0 0
T7
0 0 0 0 1 0 0 1 0 0
1 0 0 0 0 0 0 0 0 0
2 6 18 13 9 9 3 21 23 7
3 0 0 0 0 0 0 0 0 0
4 0 0 0 0 0 0 1 0 1
5 3 1 0 1 0 0 0 4 3
6 14 60 28 64 80 4 86 71 34
7 3 14 1 1 6 0 9 1 3
8 3 40 5 2 7 4 18 8 7
9 0 2 2 3 2 0 4 6 0
10 0 0 0 0 0 0 0 0 0
11 0 3 0 0 0 0 1 0 2
12 0 11 0 2 1 0 5 6 2
13 3 21 3 2 2 1 14 12 4
14 0 0 1 0 0 0 0 0 0
15 3 18 9 9 4 4 20 1 0
16 0 5 8 0 0 5 6 1 3
17 1 11 2 0 0 0 2 6 1
18 0 7 3 11 2 2 6 3 1
19 0 0 0 0 0 0 0 0 0
20 0 0 0 0 0 0 0 0 0
T8
0 0 0 0 0 0 0 0 0 0
1 0 0 0 0 0 0 0 0 0
2 16 15 9 7 19 3 14 20 7
3 0 0 0 0 0 0 0 0 0
4 0 0 0 0 2 0 0 0 0
5 4 2 1 1 0 0 0 1 0
6 52 96 44 37 102 22 71 74 28
7 0 9 5 5 7 14 3 6 0
8 3 21 7 17 6 7 15 11 7
9 0 1 0 0 0 0 1 4 0
10 0 3 1 0 1 0 1 3 0
11 0 0 0 0 0 0 0 2 0
12 1 8 3 2 3 0 1 4 0
13 4 5 9 7 8 8 8 29 1
14 0 0 0 0 0 0 0 0 0
15 0 21 2 2 3 1 16 26 2
16 0 19 0 0 1 0 0 3 0
17 0 5 1 7 1 0 3 4 0
18 1 4 2 1 1 1 5 2 0
19 0 0 0 0 0 0 0 0 0
20 0 0 0 0 0 0 0 0 0
T9
0 0 0 0 0 0 0 1 0 0
1 0 0 0 0 0 0 0 0 0
2 8 21 5 3 9 5 28 24 6
3 1 0 0 0 2 0 0 0 0
4 1 0 0 0 0 0 1 1 0
5 5 0 1 0 2 0 4 2 0
6 35 49 20 46 30 10 106 71 19
7 7 6 0 5 1 0 3 2 0
8 6 21 7 11 5 6 22 16 13
9 2 0 2 2 0 0 2 3 0
10 1 0 0 0 0 0 2 1 0
11 0 1 0 0 0 0 0 1 0
12 2 3 1 0 3 0 5 4 1
13 6 5 2 3 3 0 11 22 1
14 0 0 0 0 0 0 0 0 0
15 3 15 4 1 18 0 11 2 0
16 1 21 1 0 4 1 3 3 0
17 1 4 1 0 1 0 4 3 0
18 0 5 3 1 3 0 6 4 0
19 0 0 0 0 0 0 0 0 0
20 0 0 0 0 0 0 0 0 0
T10
0 0 0 0 0 0 0 0 0 0
1 0 0 0 0 0 0 0 0 0
2 14 11 4 7 16 10 11 15 8
3 0 0 0 0 0 0 0 0 0
4 0 0 0 0 0 0 0 0 0
5 4 0 3 0 0 0 0 1 0
6 53 44 5 19 37 37 37 22 20
7 7 14 0 5 1 0 1 1 4
8 0 32 3 2 11 3 16 25 2
9 0 0 0 1 0 0 0 4 0
10 2 0 0 1 0 0 0 1 0
11 1 1 0 0 1 0 0 0 0
12 3 1 0 1 3 1 1 2 0
13 4 9 3 4 4 0 10 21 2
14 0 0 0 0 0 0 0 0 0
15 7 11 10 0 1 9 14 7 1
16 0 4 0 0 0 1 0 0 0
17 0 2 0 0 0 1 5 6 1
18 0 4 0 0 1 3 2 4 0
19 0 0 0 0 0 0 0 0 0
20 0 0 0 0 0 0 0 0 0
T11
0 0 0 0 0 0 0 0 0 0
1 0 0 0 0 0 0 0 0 0
2 15 7 3 1 9 1 2 2 0
3 0 0 0 0 0 0 0 0 0
4 1 0 0 0 1 1 0 0 0
5 0 0 0 0 0 0 0 2 0
6 22 18 20 17 62 14 38 38 14
7 1 7 0 1 4 0 2 0 0
8 0 16 4 10 13 0 3 12 1
9 1 1 0 0 1 0 0 0 0
10 0 0 0 0 1 0 0 0 0
11 1 0 0 0 0 0 0 0 0
12 0 2 1 0 6 0 0 1 0
13 0 3 0 2 7 1 0 3 0
14 0 0 0 0 0 0 0 0 0
15 0 7 1 5 3 2 8 18 6
16 0 13 1 1 1 0 0 0 0
17 0 2 2 2 1 1 2 0 0
18 2 2 4 1 5 3 0 1 0
19 0 0 0 0 0 0 0 0 0
20 0 0 0 0 0 0 0 0 0
T12
0 0 0 0 0 0 0 0 0 0
1 0 0 0 0 0 0 0 0 0
2 13 12 4 14 18 4 5 15 1
3 0 0 0 0 0 0 0 0 0
4 7 0 0 1 0 0 0 0 0
5 7 0 0 0 1 0 0 2 0
6 20 21 2 19 62 8 38 27 11
7 1 9 1 4 1 0 1 6 0
8 3 27 2 1 0 5 8 12 2
9 0 2 0 0 0 0 0 0 0
10 0 0 0 0 0 0 0 0 0
11 0 1 0 0 0 0 0 0 0
12 3 2 1 0 0 0 1 1 1
13 3 8 1 1 2 0 6 7 2
14 0 0 0 0 0 0 0 0 0
15 2 5 4 0 1 1 4 1 1
16 0 8 0 0 0 0 6 0 0
17 0 4 1 0 1 1 4 1 0
18 1 5 2 2 0 3 4 5 2
19 0 0 0 0 0 0 0 0 0
20 0 0 0 0 0 0 0 0 0
T13
0 0 0 0 0 0 0 0 0 0
1 1 0 0 0 0 0 0 0 0
2 5 9 2 10 10 0 8 10 5
3 0 0 0 0 0 0 0 0 0
4 0 1 0 0 1 0 0 2 0
5 0 1 0 3 0 0 0 1 0
6 9 39 14 37 39 1 34 18 12
7 4 14 2 1 1 0 0 2 0
8 14 16 1 4 0 0 1 10 0
9 0 0 0 0 0 0 3 2 1
10 0 0 0 0 0 0 0 0 0
11 0 2 0 0 0 0 0 0 0
12 0 2 0 1 1 0 2 1 1
13 2 8 2 3 4 0 8 5 0
14 0 0 0 0 0 0 1 0 0
15 18 6 6 1 6 0 13 2 8
16 0 15 4 1 1 0 1 0 0
17 1 8 0 0 0 0 2 0 1
18 3 2 0 5 0 0 0 0 0
19 0 0 0 0 0 0 0 0 0
20 0 0 0 0 0 0 0 0 0
T14
0 0 0 0 0 0 0 0 0 0
1 0 0 0 0 0 0 0 0 0
2 7 0 2 11 9 0 8 11 3
3 0 0 0 0 0 0 0 0 0
4 0 0 0 0 0 0 0 0 0
5 2 0 1 0 0 0 1 1 0
6 14 28 27 34 48 2 67 24 4
7 0 14 1 2 2 0 4 1 0
8 12 19 6 3 0 3 6 13 0
9 0 1 0 2 1 0 0 0 0
10 1 0 0 2 0 0 0 0 0
11 0 1 0 0 0 0 0 0 0
12 0 3 0 1 2 0 5 3 0
13 0 2 1 6 1 0 9 12 0
14 0 0 0 0 0 0 0 0 0
15 1 14 4 7 3 2 8 10 1
16 8 15 0 0 2 0 5 3 0
17 1 3 0 3 0 0 3 0 0
18 0 3 0 2 0 4 0 12 0
19 0 0 0 0 0 0 0 0 0
20 0 0 0 0 0 0 0 0 0
T15
0 0 0 0 0 0 1 0 0 0
1 0 0 0 0 0 0 0 0 0
2 2 1 1 7 9 2 8 2 4
3 0 0 0 0 0 0 0 0 0
4 0 0 0 0 0 0 0 0 0
5 0 1 0 3 2 2 0 2 0
6 6 52 13 14 51 13 72 24 13
7 1 12 1 0 0 0 1 2 0
8 5 14 5 0 7 0 8 0 7
9 0 1 0 0 1 0 0 6 0
10 0 2 0 0 1 0 1 0 1
11 0 3 0 0 0 0 0 0 0
12 0 6 0 1 1 0 1 0 0
13 0 5 1 1 3 0 3 2 0
14 0 0 0 0 0 0 0 0 0
15 0 10 9 2 0 0 5 3 0
16 0 10 0 0 0 0 2 0 0
17 0 2 3 0 1 0 1 0 0
18 2 1 0 1 2 1 1 1 0
19 0 0 0 0 0 0 0 0 0
20 0 0 0 0 0 0 0 0 0
T16
0 0 0 0 0 0 0 0 0 0
1 0 0 0 0 0 0 0 0 0
2 13 3 6 3 30 1 6 13 3
3 0 0 0 0 0 0 0 0 0
4 0 0 0 0 0 0 0 1 0
5 1 1 1 0 1 0 1 5 2
6 18 8 19 9 63 3 23 33 68
7 1 4 0 3 1 0 4 5 2
8 9 19 6 3 13 0 6 12 0
9 0 7 0 1 1 0 0 8 0
10 1 0 0 0 0 0 0 0 0
11 0 3 0 0 0 0 0 0 0
12 0 13 1 2 1 0 1 3 3
13 3 11 1 1 1 0 6 5 3
14 0 0 0 0 0 0 0 0 0
15 8 11 2 6 7 4 2 17 3
16 0 13 0 0 0 0 0 3 0
17 0 16 1 1 1 0 2 4 1
18 1 2 0 0 0 0 0 7 2
19 0 0 0 0 0 0 0 0 0
20 0 0 0 0 0 0 0 0 0
T17
0 0 0 0 0 0 0 0 0 0
1 0 0 0 0 0 0 0 0 0
2 9 1 0 0 6 4 19 1 4
3 0 0 0 0 0 0 0 0 0
4 0 1 0 0 2 0 0 0 0
5 0 1 0 0 0 0 0 0 0
6 32 24 1 41 49 7 42 27 22
7 0 7 0 2 2 0 1 2 0
8 9 14 6 4 4 0 11 7 2
9 0 8 1 1 0 0 0 0 0
10 1 2 0 1 0 0 0 1 0
11 0 0 0 0 0 0 0 0 0
12 1 10 0 1 1 0 2 3 1
13 3 4 0 1 4 0 9 5 0
14 0 0 0 0 0 0 0 0 0
15 0 9 3 3 6 0 7 11 4
16 0 3 12 0 0 0 7 0 0
17 2 2 3 0 0 0 4 1 0
18 2 0 0 3 0 0 7 1 1
19 0 0 0 0 0 0 0 0 0
20 0 0 0 0 0 0 0 0 0
T18
0 0 2 0 0 0 0 0 0 0
1 0 0 0 0 0 0 0 0 0
2 1 3 3 9 20 3 4 12 0
3 0 0 0 0 0 0 0 0 0
4 0 0 7 0 0 0 0 0 0
5 0 0 1 0 1 0 0 0 3
6 16 41 27 8 85 29 31 24 24
7 1 13 3 2 21 2 2 1 0
8 0 13 11 3 7 0 7 15 3
9 1 0 2 0 6 0 0 0 0
10 1 0 0 0 0 0 1 0 0
11 0 0 0 0 0 0 1 2 1
12 2 0 6 0 1 0 2 1 2
13 0 7 2 3 5 2 14 4 2
14 0 0 0 0 0 0 0 0 0
15 4 8 5 1 1 0 4 8 8
16 0 6 0 0 0 0 0 1 1
17 0 6 4 2 0 0 0 1 0
18 0 0 4 0 2 3 5 3 0
19 0 0 0 0 0 0 0 0 0
20 0 0 0 0 0 0 0 0 0
T19
0 0 0 0 0 0 0 0 2 0
1 0 0 0 0 0 0 0 0 0
2 16 8 3 1 24 3 15 10 9
3 0 0 0 0 0 0 0 0 0
4 0 0 0 0 0 0 0 0 0
5 2 0 0 0 2 0 7 2 4
6 18 54 25 26 57 13 69 47 34
7 5 11 1 3 0 2 5 0 2
8 7 19 16 7 3 0 19 9 3
9 6 0 0 0 6 5 1 7 0
10 0 1 1 0 0 1 1 1 1
11 0 3 0 0 0 0 0 0 0
12 3 3 2 0 3 2 3 9 2
13 3 4 1 2 4 1 10 1 2
14 0 0 0 0 0 0 0 0 0
15 0 10 0 5 11 6 8 13 6
16 0 19 0 1 0 0 0 3 0
17 2 3 0 6 0 0 1 6 2
18 0 5 0 0 5 0 5 1 4
19 0 0 0 0 0 0 0 0 0
20 0 0 0 0 0 0 0 0 0
T20
0 0 0 0 0 0 0 0 2 0
1 0 0 0 0 0 0 0 0 0
2 11 5 3 8 7 0 4 8 1
3 0 0 0 0 0 0 0 0 0
4 0 0 0 2 0 0 0 0 0
5 0 9 1 4 3 0 0 1 1
6 23 74 35 31 47 0 83 57 14
7 2 15 0 1 2 0 4 7 2
8 0 17 7 8 0 0 11 29 2
9 0 1 1 0 6 0 0 4 1
10 0 1 1 1 1 0 0 0 2
11 0 2 0 0 0 0 0 0 3
12 0 8 0 2 1 0 2 2 3
13 3 9 0 4 1 0 9 8 8
14 0 0 0 0 0 0 0 0 0
15 4 18 1 7 4 0 11 13 10
16 2 25 0 5 0 0 11 1 0
17 2 2 0 0 0 0 2 0 2
18 3 0 3 6 2 0 7 2 0
19 0 0 0 0 0 0 0 0 0
20 0 0 0 0 0 0 0 0 0
T21
0 0 0 0 0 0 0 0 0 0
1 0 0 0 0 0 0 0 0 0
2 6 7 2 5 15 1 2 15 10
3 0 0 0 0 0 0 0 0 0
4 8 0 0 0 1 0 1 0 0
5 2 0 0 0 10 0 0 0 2
6 15 32 2 4 71 3 20 20 30
7 3 4 1 0 2 0 5 0 1
8 7 19 2 2 2 0 5 4 0
9 0 0 0 0 0 0 0 12 0
10 0 0 0 0 1 0 0 2 1
11 0 1 1 0 0 0 0 0 0
12 1 0 1 0 3 0 0 5 0
13 3 5 0 2 4 0 3 10 2
14 0 0 0 0 0 0 0 0 0
15 1 8 0 9 2 3 0 12 0
16 1 10 0 0 1 0 0 0 5
17 1 4 0 1 0 0 1 2 0
18 1 3 2 2 1 0 0 1 2
19 0 0 0 0 0 0 0 0 0
20 0 0 0 0 0 0 0 0 0
T22
0 0 0 0 0 0 1 0 0 0
1 0 0 0 0 0 0 0 0 0
2 11 0 2 1 1 3 5 12 0
3 0 0 0 0 0 0 0 0 0
4 0 0 0 0 0 0 0 0 0
5 0 0 0 1 0 1 0 2 0
6 32 43 23 26 48 6 27 34 1
7 1 6 1 0 4 1 4 19 0
8 0 26 2 11 5 5 11 9 0
9 0 0 0 0 0 0 0 0 0
10 0 0 1 0 0 0 2 0 0
11 0 4 0 0 0 2 0 0 0
12 0 2 0 0 0 1 1 1 0
13 0 3 0 3 1 3 4 3 0
14 0 0 0 0 0 0 0 0 0
15 12 4 2 1 4 5 14 6 0
16 0 0 0 2 0 0 15 3 0
17 0 2 0 0 3 0 2 0 0
18 3 0 4 0 4 0 1 3 1
19 0 0 0 0 0 0 0 0 0
20 0 0 0 0 0 0 0 0 0
T23
0 0 0 0 0 0 0 0 0 0
1 0 0 0 0 0 0 0 0 0
2 17 1 1 0 13 4 3 8 0
3 0 0 0 0 0 0 0 0 0
4 0 0 0 0 0 0 0 2 0
5 1 2 0 0 1 0 6 2 0
6 28 29 10 17 60 15 20 46 32
7 0 2 0 2 1 0 0 0 1
8 0 13 0 2 4 5 1 15 0
9 0 4 0 8 6 0 0 0 2
10 0 1 0 0 0 0 0 1 1
11 0 1 0 0 0 0 0 0 0
12 1 4 0 0 1 0 2 1 3
13 2 0 0 0 5 2 0 4 3
14 0 0 0 0 0 0 0 0 0
15 4 8 13 4 8 0 15 0 0
16 0 17 0 0 1 0 8 1 1
17 0 3 0 1 1 0 0 1 0
18 0 1 0 0 1 0 2 2 3
19 0 0 0 0 0 0 0 0 0
20 0 0 0 0 0 0 0 0 0
T24
0 0 0 0 0 0 0 0 0 0
1 0 0 0 0 0 0 0 0 0
2 4 4 0 3 5 0 2 5 0
3 0 0 0 0 0 0 0 0 0
4 0 0 0 0 0 0 1 0 0
5 0 0 0 0 0 0 0 3 0
6 11 46 16 19 52 11 43 46 9
7 1 5 3 0 3 0 2 14 1
8 2 16 1 8 3 0 3 17 4
9 0 0 0 0 0 0 0 0 0
10 0 0 0 0 0 0 1 0 0
11 0 2 0 0 0 0 1 1 1
12 0 4 1 0 1 0 2 2 1
13 0 5 0 0 7 0 3 4 0
14 0 0 0 0 0 0 0 0 0
15 4 24 12 1 2 0 6 30 7
16 0 2 8 0 0 0 0 0 0
17 1 2 2 0 1 0 2 8 0
18 1 6 1 1 0 0 0 0 3
19 0 0 0 0 0 0 0 0 0
20 0 0 0 0 0 0 0 0 0
T25
0 0 0 0 0 0 0 0 0 0
1 0 0 0 0 0 0 0 0 0
2 7 6 0 7 1 3 12 10 1
3 0 0 0 0 0 0 0 0 0
4 0 0 0 0 0 0 0 0 1
5 0 0 0 0 0 0 2 1 0
6 23 25 16 6 14 1 16 23 4
7 0 7 0 0 0 4 0 12 0
8 0 21 9 8 9 8 3 8 2
9 0 1 0 0 0 0 1 0 0
10 0 0 0 0 0 0 1 0 0
11 0 1 0 0 0 0 0 0 0
12 1 8 0 1 0 2 4 3 0
13 1 8 0 1 3 0 12 1 1
14 0 0 0 0 0 0 0 0 0
15 1 10 3 10 22 11 33 17 5
16 0 1 6 0 0 0 2 1 0
17 0 5 0 0 0 0 3 1 0
18 0 4 0 3 1 0 2 1 0
19 0 0 0 0 0 0 0 0 0
20 0 0 0 0 0 0 0 0 0
T26
0 0 0 0 0 0 0 0 0 0
1 1 0 0 0 0 0 0 0 0
2 16 3 1 5 8 4 4 23 0
3 0 0 0 0 0 0 1 0 0
4 0 0 0 0 0 0 5 1 0
5 3 2 0 0 0 1 0 0 0
6 33 39 7 17 91 9 52 95 27
7 2 12 1 6 6 2 4 2 9
8 7 61 4 6 7 4 7 25 5
9 0 1 0 0 0 0 0 0 1
10 0 2 0 0 3 0 1 0 0
11 0 10 0 1 0 0 0 0 0
12 2 7 1 0 1 0 2 3 2
13 2 13 2 1 6 0 14 9 1
14 0 0 0 0 0 0 0 0 0
15 0 7 8 4 18 2 7 8 2
16 0 11 0 16 1 0 2 0 0
17 3 5 0 0 1 1 3 0 1
18 2 1 1 1 0 3 1 3 0
19 0 0 0 0 0 0 0 0 0
20 0 0 0 0 0 0 0 0 0
T27
0 0 0 0 0 0 0 0 0 0
1 0 0 0 0 0 0 0 0 0
2 14 3 1 5 16 6 14 7 0
3 0 0 0 0 0 0 0 0 0
4 0 0 0 0 1 0 0 0 0
5 0 0 0 0 2 1 1 0 0
6 12 50 9 12 92 14 56 78 18
7 0 7 2 0 2 5 5 4 6
8 3 56 5 12 5 0 13 5 4
9 0 1 3 0 0 0 0 0 0
10 0 4 0 0 0 0 2 0 0
11 0 2 0 0 0 0 0 0 0
12 0 3 2 2 0 2 6 2 0
13 1 8 2 4 4 0 9 1 0
14 0 0 0 0 0 0 0 0 0
15 6 3 2 4 3 4 5 8 9
16 1 4 12 0 0 0 0 0 1
17 3 5 0 6 0 0 6 0 0
18 0 3 1 0 2 0 2 3 2
19 0 0 0 0 0 0 0 0 0
20 0 0 0 0 0 0 0 0 0
T28
0 0 0 0 0 0 0 0 0 0
1 0 0 0 0 0 0 0 0 0
2 19 6 7 12 30 0 11 13 1
3 0 0 0 0 0 0 0 0 0
4 0 0 0 0 0 0 0 0 0
5 4 0 5 1 2 0 1 0 0
6 54 72 22 35 109 14 65 50 23
7 3 4 0 0 4 1 3 3 0
8 4 35 4 18 1 3 16 39 0
9 0 12 1 0 1 0 0 0 0
10 1 2 0 0 1 0 0 2 0
11 0 0 1 0 0 0 2 2 0
12 2 3 0 1 0 0 6 2 1
13 2 13 1 1 6 0 8 8 2
14 0 0 0 0 0 0 0 0 0
15 7 15 3 2 6 4 32 14 13
16 1 15 5 0 1 0 1 3 3
17 1 9 1 4 2 1 2 5 0
18 4 8 2 0 2 2 1 3 0
19 0 0 0 0 0 0 0 0 0
20 0 0 0 0 0 0 0 0 0
T29
0 0 0 0 0 0 0 0 1 0
1 0 0 0 0 0 0 0 0 0
2 4 4 0 6 11 3 2 6 8
3 0 0 0 0 0 0 0 0 0
4 0 1 0 0 0 0 1 0 0
5 4 0 0 0 0 0 1 0 2
6 38 66 13 29 42 23 17 24 2
7 1 11 1 1 6 0 7 0 1
8 3 36 5 15 22 5 9 10 0
9 0 3 0 4 2 0 2 0 2
10 0 2 1 0 0 0 0 1 0
11 0 0 0 0 0 0 0 0 2
12 1 5 1 2 1 1 0 1 0
13 4 8 0 4 6 1 1 5 3
14 0 0 0 0 0 0 0 0 0
15 3 12 15 0 3 2 3 5 2
16 0 7 0 0 0 0 0 0 0
17 0 3 0 1 1 0 1 1 0
18 3 8 2 1 1 0 3 0 3
19 0 0 0 0 0 0 0 0 0
20 0 0 0 0 0 0 0 0 0
T30
0 0 0 0 0 0 0 0 0 0
1 0 0 0 0 0 0 0 0 0
2 6 13 2 5 17 2 10 11 5
3 0 0 0 0 0 0 0 0 0
4 0 0 0 0 0 0 2 0 0
5 0 0 0 0 3 0 1 2 0
6 43 39 27 30 69 29 78 48 44
7 6 14 1 1 12 0 1 6 0
8 4 51 5 2 9 1 12 8 6
9 0 1 0 0 0 0 5 0 0
10 1 2 1 2 0 0 0 1 0
11 0 0 0 0 0 1 0 1 0
12 1 4 1 1 3 0 5 2 1
13 1 13 0 3 5 0 8 3 0
14 0 0 0 0 0 0 0 1 0
15 0 39 3 3 2 2 9 9 0
16 0 39 1 1 0 0 1 11 0
17 0 9 0 0 0 0 5 2 0
18 3 12 3 3 0 0 4 2 1
19 0 0 0 0 0 0 0 0 0
20 0 0 0 0 0 0 0 0 0
T31
0 0 0 0 0 0 0 0 1 0
1 0 0 0 0 0 0 0 0 0
2 11 16 1 4 7 0 30 11 7
3 0 0 0 0 0 0 0 0 0
4 0 1 0 0 0 0 0 0 0
5 0 1 0 1 3 0 1 4 2
6 51 132 65 14 96 54 103 87 23
7 2 15 4 0 4 1 14 0 2
8 7 34 10 11 18 6 22 12 0
9 0 8 2 0 2 0 5 2 4
10 0 1 1 1 0 0 0 0 0
11 3 1 0 1 2 0 2 0 2
12 0 12 0 2 0 0 0 3 1
13 1 25 2 7 5 4 8 8 0
14 0 1 0 0 0 0 0 0 0
15 0 14 10 31 6 1 24 4 3
16 0 26 1 0 2 0 0 0 0
17 0 1 1 0 0 0 1 0 0
18 0 8 2 3 3 4 12 0 0
19 0 0 0 0 0 0 0 0 0
20 0 0 0 0 0 0 0 0 0
T32
0 0 0 3 0 0 0 0 1 0
1 0 0 0 0 0 0 0 0 0
2 6 8 6 6 5 8 6 12 1
3 0 0 0 0 0 0 0 0 0
4 0 0 0 1 0 0 0 0 0
5 0 0 0 5 1 2 5 6 0
6 29 30 35 69 112 39 82 45 31
7 2 11 1 2 5 0 3 4 1
8 4 33 10 10 8 5 17 3 0
9 0 1 1 1 0 1 1 12 0
10 0 0 0 0 2 0 2 3 1
11 0 0 0 0 0 0 0 1 0
12 0 4 1 5 6 0 1 6 0
13 3 9 2 5 4 3 6 13 3
14 0 0 0 0 0 0 0 0 0
15 2 21 3 11 16 4 16 12 3
16 0 57 0 3 0 0 2 1 0
17 1 4 2 1 0 0 3 0 0
18 5 3 0 2 2 5 6 3 0
19 0 0 0 0 0 0 0 0 0
20 0 0 0 0 0 0 0 0 0
T33
0 0 0 0 0 0 0 0 0 0
1 0 0 0 0 0 0 0 0 0
2 7 6 4 4 24 0 9 9 18
3 0 1 0 0 0 0 0 0 0
4 2 0 0 0 0 0 1 0 0
5 0 0 0 0 5 0 0 0 2
6 54 55 41 17 61 26 40 59 65
7 7 17 3 4 0 0 5 14 8
8 6 70 4 7 6 4 26 21 0
9 0 4 4 0 4 0 5 2 2
10 1 0 2 0 0 0 2 1 1
11 0 0 0 0 0 0 1 1 1
12 1 1 1 0 5 1 5 5 1
13 2 12 1 1 5 1 4 15 3
14 0 0 0 0 0 0 0 1 0
15 12 30 0 12 1 6 2 20 7
16 0 25 12 0 1 0 6 7 0
17 2 5 0 1 1 0 2 2 0
18 4 2 1 4 3 3 2 7 6
19 0 0 0 0 0 0 0 0 0
20 0 0 0 0 0 0 0 0 0
T34
0 0 0 0 0 0 0 0 0 0
1 0 0 0 0 0 0 0 0 0
2 3 2 5 3 17 5 3 16 4
3 0 0 0 0 0 0 0 0 0
4 0 0 0 0 5 0 2 0 0
5 0 1 1 0 13 1 3 1 0
6 14 64 4 30 66 28 41 36 36
7 4 16 3 3 10 5 10 1 2
8 8 22 0 7 7 2 26 4 6
9 0 3 3 0 2 0 0 0 0
10 0 3 0 3 0 0 1 0 0
11 0 0 0 0 0 0 0 0 0
12 0 7 0 1 8 0 4 0 3
13 5 13 2 6 27 2 10 6 1
14 0 0 0 0 0 0 0 0 0
15 1 13 7 4 1 6 5 19 6
16 0 12 0 0 3 0 6 0 0
17 2 9 1 4 7 1 8 0 0
18 0 6 3 0 1 1 4 8 6
19 0 0 0 0 0 0 0 0 0
20 0 0 0 0 0 0 0 0 0
T35
0 0 0 0 0 0 0 0 1 0
1 0 0 0 0 0 0 0 0 0
2 6 4 1 1 10 0 5 13 0
3 0 0 0 0 0 0 0 0 0
4 0 0 0 0 0 0 3 0 0
5 1 0 0 0 0 0 0 0 0
6 22 27 6 23 11 3 51 58 4
7 0 8 0 14 3 0 6 19 0
8 5 27 13 3 4 0 16 13 0
9 0 0 0 0 0 0 0 1 0
10 1 0 0 0 0 0 1 0 0
11 0 0 0 0 0 0 1 1 0
12 0 0 0 1 1 0 7 5 2
13 0 4 0 3 0 1 9 7 0
14 0 0 0 0 0 0 0 0 0
15 1 7 11 7 5 2 9 4 1
16 0 7 0 0 1 1 0 0 8
17 0 5 3 2 1 0 6 8 3
18 0 4 3 1 3 1 11 1 0
19 0 0 0 0 0 0 0 0 0
20 0 0 0 0 0 0 0 0 0
T36
0 0 0 0 0 0 0 0 0 0
1 0 0 0 0 0 0 0 0 0
2 4 4 5 1 9 1 9 6 0
3 0 0 0 0 0 0 0 0 0
4 2 0 0 0 1 0 0 0 0
5 0 0 0 2 0 1 1 5 0
6 22 30 19 48 11 6 12 39 2
7 9 8 2 4 7 0 6 7 4
8 2 26 11 3 8 1 7 15 2
9 0 3 0 0 0 0 0 0 0
10 0 0 0 1 1 0 0 0 0
11 1 0 0 1 0 0 0 0 0
12 1 3 0 6 1 0 2 4 1
13 4 6 0 3 4 2 9 8 3
14 0 0 0 0 0 0 0 0 0
15 1 19 1 4 6 4 14 4 2
16 0 10 0 0 1 1 3 0 0
17 1 6 2 0 1 0 4 0 0
18 0 9 4 0 0 4 2 3 0
19 0 0 0 0 0 0 0 0 0
20 0 0 0 0 0 0 0 0 0
T37
0 0 0 0 0 0 0 0 0 0
1 0 0 0 0 0 0 0 0 0
2 2 9 0 0 20 3 12 11 0
3 0 0 0 0 0 0 0 0 0
4 0 0 0 0 4 0 1 0 0
5 0 3 0 0 15 3 15 0 0
6 4 54 11 30 75 23 36 35 1
7 2 14 0 13 14 1 13 3 3
8 5 30 13 4 13 7 8 20 0
9 0 6 1 0 3 0 9 10 0
10 0 1 0 0 0 1 1 2 0
11 0 0 0 0 2 0 0 4 0
12 0 1 0 0 8 4 12 4 0
13 0 7 4 1 25 2 12 11 2
14 0 0 0 0 0 0 0 0 0
15 9 5 2 1 4 2 10 4 4
16 0 35 0 0 2 0 0 0 0
17 0 4 0 1 5 1 8 9 0
18 2 2 4 1 3 6 6 4 3
19 0 0 0 0 0 0 0 0 0
20 0 0 0 0 0 0 0 0 0
T38
0 0 0 0 0 0 0 0 0 0
1 0 0 0 0 0 0 0 0 0
2 5 2 6 1 4 0 7 11 0
3 0 0 0 0 0 0 0 0 0
4 0 0 0 1 0 0 0 0 0
5 0 0 0 1 0 0 0 0 0
6 43 51 33 23 28 26 42 51 9
7 5 7 2 5 0 7 7 2 0
8 4 42 4 6 7 2 10 11 6
9 0 3 0 0 0 0 4 0 0
10 1 1 0 0 0 0 0 1 0
11 0 0 0 0 1 0 1 1 0
12 2 5 1 3 1 0 4 3 0
13 8 16 2 0 3 1 4 10 0
14 0 0 0 0 0 0 0 0 0
15 3 24 5 5 9 1 10 16 4
16 5 67 0 3 0 0 3 1 0
17 4 17 1 0 1 0 3 2 0
18 1 7 1 0 1 5 1 3 3
19 0 0 0 0 0 0 0 0 0
20 0 0 0 0 0 0 0 0 0
T39
0 0 1 0 0 0 0 0 0 0
1 0 0 0 0 0 0 0 0 0
2 2 4 1 2 4 5 4 2 10
3 0 0 0 0 0 0 0 0 0
4 0 0 0 0 0 0 1 0 0
5 1 2 0 0 0 0 3 0 0
6 57 98 15 15 54 41 47 62 43
7 4 6 1 5 2 0 5 1 0
8 9 32 5 9 4 2 5 8 13
9 0 9 0 0 0 0 0 0 1
10 0 0 0 0 0 0 0 0 1
11 0 0 0 0 0 0 0 1 0
12 0 4 1 2 0 3 2 1 3
13 0 16 0 6 2 0 14 6 3
14 0 0 0 0 0 0 0 0 0
15 2 25 3 5 0 2 17 3 14
16 0 8 0 2 1 2 4 0 0
17 1 3 0 0 1 0 3 0 2
18 0 6 1 1 3 3 3 3 0
19 0 0 0 0 0 0 0 0 0
20 0 0 0 0 0 0 0 0 0
T40
0 0 0 0 0 0 0 0 0 0
1 0 0 0 0 0 0 0 0 0
2 3 10 0 2 22 0 8 6 1
3 0 0 0 0 0 0 0 0 0
4 0 0 0 1 0 0 3 0 0
5 0 0 0 6 7 0 1 1 0
6 17 47 20 34 83 12 55 28 23
7 4 7 2 0 6 0 14 7 2
8 8 22 18 4 8 0 9 14 7
9 0 2 0 0 0 0 0 2 0
10 0 2 0 1 0 0 0 1 1
11 0 1 0 1 0 0 1 0 0
12 0 6 0 3 1 1 3 4 1
13 5 8 2 4 7 2 5 15 3
14 0 0 0 0 0 0 0 0 0
15 4 32 13 3 7 3 12 11 12
16 0 5 1 0 0 1 1 0 0
17 0 11 2 3 0 0 1 20 0
18 1 3 0 2 1 3 0 1 4
19 0 0 0 0 0 0 0 0 0
20 0 0 0 0 0 0 0 0 0
T41
0 0 0 0 0 0 0 0 0 0
1 0 0 0 0 0 0 0 0 0
2 16 5 8 2 3 1 3 20 0
3 0 0 0 0 0 0 0 0 0
4 0 0 1 1 1 0 0 0 1
5 0 1 0 7 0 0 0 2 0
6 57 38 67 33 36 5 42 70 9
7 1 6 3 2 11 0 0 17 0
8 11 36 5 8 11 2 25 10 0
9 3 6 3 0 0 0 0 7 0
10 1 0 2 0 0 0 2 1 0
11 0 4 0 0 0 0 3 1 0
12 3 1 6 3 2 0 0 7 0
13 8 2 3 0 6 1 3 17 0
14 0 0 0 0 0 0 0 0 0
15 5 20 12 8 11 0 7 9 3
16 0 11 0 0 0 0 4 11 0
17 2 5 1 0 4 0 2 8 0
18 2 0 0 0 0 0 2 5 3
19 0 0 0 0 0 0 0 0 0
20 0 0 0 0 0 0 0 0 0
T42
0 0 0 0 0 2 0 0 0 0
1 0 0 0 0 0 0 0 0 0
2 18 5 2 8 25 3 11 11 2
3 0 0 0 0 0 0 0 0 0
4 0 0 0 0 2 0 0 0 0
5 4 2 1 1 1 0 12 0 0
6 38 55 28 35 69 25 55 56 51
7 6 14 2 0 16 2 1 4 2
8 6 28 13 7 3 1 16 35 4
9 0 7 0 2 4 0 0 0 0
10 0 1 0 0 4 0 2 0 0
11 1 2 0 0 0 0 2 0 0
12 2 9 1 0 5 0 7 2 0
13 1 18 5 4 14 0 10 4 1
14 0 0 0 0 0 0 0 0 0
15 8 21 0 8 4 6 10 12 7
16 0 6 26 0 0 0 8 0 0
17 0 0 0 3 0 0 5 7 1
18 0 4 0 0 0 0 0 2 0
19 0 0 0 0 0 0 0 0 0
20 0 0 0 0 0 0 0 0 0
T43
0 0 0 0 0 0 0 0 0 0
1 0 0 0 0 0 0 0 0 0
2 2 0 4 1 18 1 9 15 0
3 0 0 0 0 0 0 0 0 0
4 0 0 4 0 0 0 0 0 0
5 1 0 0 0 2 0 3 0 0
6 26 44 30 24 35 11 52 28 23
7 13 7 4 18 2 0 4 8 6
8 8 26 9 1 5 0 15 20 8
9 0 2 0 0 1 0 0 0 0
10 1 2 1 0 0 0 0 1 0
11 0 0 0 0 0 0 1 1 0
12 1 1 1 2 5 0 4 1 1
13 7 7 2 2 11 0 16 3 0
14 0 0 0 1 0 0 0 0 0
15 7 26 12 2 5 2 10 8 11
16 0 22 1 10 1 0 9 12 0
17 0 9 0 2 1 0 2 0 0
18 0 6 1 0 0 2 3 3 0
19 0 0 0 0 0 0 0 0 0
20 0 0 0 0 0 0 0 0 0
T44
0 0 0 0 0 0 0 0 0 0
1 0 0 0 0 0 0 0 0 0
2 2 6 0 8 15 3 3 13 2
3 0 0 0 0 0 0 0 0 0
4 1 0 0 0 6 0 0 1 0
5 0 1 0 0 3 0 1 2 0
6 15 52 22 52 59 9 87 50 25
7 0 7 2 6 18 1 7 2 0
8 3 31 1 9 1 2 22 36 8
9 0 0 0 0 1 0 1 7 0
10 0 0 0 2 0 1 2 1 0
11 0 4 0 0 0 0 1 0 0
12 0 6 0 1 4 1 4 10 2
13 1 14 1 5 15 0 14 15 0
14 0 0 0 0 0 0 0 0 0
15 2 15 14 0 13 3 10 6 10
16 0 35 1 0 9 2 19 0 3
17 1 3 1 0 0 0 2 12 0
18 0 4 3 0 7 3 1 6 3
19 0 0 0 0 0 0 0 0 0
20 0 0 0 0 0 0 0 0 0
T45
0 0 0 0 0 2 0 0 1 0
1 0 0 0 0 0 0 0 1 0
2 5 10 0 24 10 0 36 10 5
3 0 0 0 0 0 0 0 0 0
4 0 0 1 0 0 0 1 3 0
5 0 1 0 5 0 0 2 14 0
6 29 75 11 50 67 37 65 51 21
7 4 9 2 6 24 1 1 12 2
8 7 47 0 8 15 2 20 15 5
9 0 0 0 1 7 0 10 0 0
10 0 3 0 1 0 2 0 0 0
11 0 4 0 0 0 0 1 0 0
12 1 5 0 0 2 1 6 9 0
13 2 15 3 3 7 6 23 18 2
14 0 0 0 0 0 0 0 0 0
15 1 35 18 5 4 8 18 16 10
16 0 67 2 0 1 0 2 0 0
17 1 6 0 0 0 0 7 1 11
18 1 1 3 1 0 2 5 0 1
19 0 0 0 0 0 0 0 0 0
20 0 0 0 0 0 0 0 0 0
T46
0 0 0 0 0 0 0 0 1 0
1 0 0 0 0 0 0 0 0 0
2 13 5 0 6 8 1 8 15 4
3 0 0 0 0 0 0 0 0 0
4 2 0 2 0 0 0 0 0 0
5 3 0 0 0 1 0 0 1 0
6 29 62 31 36 53 7 69 81 18
7 6 7 3 5 6 0 8 3 2
8 8 33 8 10 10 8 28 33 4
9 0 2 2 1 0 0 2 7 0
10 0 0 0 0 0 0 0 2 1
11 0 1 0 0 0 0 1 3 0
12 3 3 1 1 1 0 3 4 1
13 6 4 1 2 6 0 6 14 0
14 0 0 0 0 0 0 0 0 0
15 4 9 8 6 4 2 9 5 4
16 0 3 0 0 0 0 8 0 0
17 0 0 0 0 0 0 1 2 0
18 2 1 7 2 0 0 3 0 7
19 0 0 0 0 0 0 0 0 0
20 0 0 0 0 0 0 0 0 0
